strain	replicat_bio	dil_name	e440_fn1	e470_fn1	e532_fn1	e440_fn2	e470_fn2	e532_fn2	replicate_fn2	chl_real_fn2
PCC9511	A	dilution_0	330	200	70	323.7407407	193.8783069	65.08994709	2.116402116	27.266
PCC9511	A	dilution_0bis	243	158	74	238	152.5060241	69.24096386	1.993975904	NA
PCC9511	A	dilution_1	117	81	72	112.873494	76.37349398	65.96385542	1.993975904	5.4532
PCC9511	A	dilution_2	81	70	67	76.87	62.65	63.45	1.88	0.272387612
PCC9511	A	dilution_3	83	62	65	75.90963855	57.93975904	60.8253012	1.993975904	NA
PCC9511	B	dilution_1	318	200	83	311.199005	194.6119403	76.70149254	2.174129353	5.05262155
PCC9511	B	dilution_2	144	97	71	138.9367816	92.56321839	66.37931034	2.034482759	1.0637098
PCC9511	B	dilution_3	157	85	97	152.7151899	79.64556962	91.93037975	1.987341772	NA
PCC9511	B	dilution_4	109	80	86	103.9813665	74.80124224	82.44099379	1.956521739	NA
PCC9511	B	dilution_5	81	67	73	75.89634146	61.80487805	69.18292683	2.018292683	NA
PCC9511	C	dilution_1	356	212	76	348.5180723	205.4518072	71.86144578	2.042168675	5.23468602
PCC9511	C	dilution_2	171	101	76	163.3248408	95.29936306	70.75796178	1.993630573	1.16326356
PCC9511	C	dilution_3	109	78	73	103.3878788	72.39393939	67.92121212	1.96969697	NA
PCC9511	C	dilution_4	108	69	81	102.3589744	63.12179487	74.58974359	2.012820513	NA
PCC9511	C	dilution_5	104	71	75	98.74100719	64.71942446	71.01438849	1.928057554	NA
RCC100	A	dilution_1	1138	1525	174	1116.450262	1481.376963	168.5183246	2.293193717	4.959923991
RCC100	A	dilution_2	301	353	90	295.4642857	345.2916667	83.72619048	2.005952381	0.901804362
RCC100	A	dilution_3	209	221	84	202.005988	214.2754491	78.7245509	1.994011976	0.450902181
RCC100	A	dilution_4	109	103	85	102.7272727	97.5645933	81.18181818	2.200956938	0.090180436
RCC100	A	dilution_5	247	80	68	169.0117647	75.61176471	64.08235294	2.017647059	NA
RCC100	B	dilution_1	1174	1544	160	1150.051613	1514.290323	155.1870968	2.032258065	5.01552536
RCC100	B	dilution_2	318	367	96	309.6598639	361.3401361	92.29251701	2.068027211	0.911913702
RCC100	B	dilution_3	230	236	82	225.9637681	229.942029	77.39855072	1.811594203	0.455956851
RCC100	B	dilution_4	124	103	75	119.5612903	97.00645161	70.06451613	1.993548387	0.09110027
RCC100	B	dilution_5	119	85	74	113.3952096	80.20359281	67.9760479	1.988023952	0.045572899
RCC100	C	dilution_0	3415	4133	350	3344.917197	4132.917197	340.866242	2	17.30889985
RCC100	C	dilution_1	915	1159	137	851.3493976	1088.048193	129.746988	2.006024096	3.540456787
RCC100	C	dilution_2	370	434	95	361.4746835	427.1075949	89.32278481	2	1.180152263
RCC100	C	dilution_3	159	174	76	153.4597701	168.4885057	70.66091954	2.040229885	0.393384088
RCC100	C	dilution_4	114	92	89	108.7960526	87	84.77631579	2.006578947	0.078598219
RCC100	C	dilution_5	168	77	79	119.7633136	71.97633136	69.15976331	2.00591716	0.039318749
RCC156	A	dilution_1	271	230	76	265.627551	222.4693878	71	2.147959184	5.0165757
RCC156	A	dilution_2	118	100	73	113.1818182	96.2	67.4969697	1.975757576	1.0561212
RCC156	A	dilution_3	112	74	75	106.7961783	69.73248408	70.38216561	1.955414013	0.2640303
RCC156	A	dilution_4	108	73	75	102.79375	67.4125	70.73125	1.95625	0.13201515
RCC156	A	dilution_5	92	68	72	88.05454545	61.43030303	66.73333333	2.066666667	0.026376653
RCC156	B	dilution_1	270	228	83	265.1982759	222.637931	80.07758621	2	6.05883704
RCC156	B	dilution_2	214	98	73	140.4416244	94.4822335	69.26395939	2.116751269	0.95665848
RCC156	B	dilution_3	112	78	81	107.8091603	74.20610687	77.6870229	1.847328244	0.31888616
RCC156	B	dilution_4	104	71	71	100.1275168	68.08053691	67.02013423	1.88590604	0.15944308
RCC156	B	dilution_5	101	78	69	97.39428571	73.63428571	65.76	2.051428571	0.063649932
RCC156	C	dilution_1	269	247	78	259.8518519	239.2839506	71.39506173	1.969135802	4.8544818
RCC156	C	dilution_2	144	103	85	139.1130952	97.48214286	80.99404762	2.005952381	0.97089636
RCC156	C	dilution_3	106	76	78	101.0675676	69.83108108	73.16891892	1.885135135	0.24272409
RCC156	C	dilution_4	124	83	85	118.9141104	77.64417178	80.01840491	2.006134969	0.121362045
RCC156	C	dilution_5	113	73	71	104.3850932	69.08074534	66.59627329	1.968944099	0.048447922
RCC1717	A	dilution_1	266	275	92	255.8627451	263.7647059	87.66013072	1.993464052	5.5649958
RCC1717	A	dilution_2	150	153	79	140.3674699	137.0120482	75.1626506	1.993975904	0.7949994
RCC1717	A	dilution_3	162	107	84	155.497076	100.1637427	77.90643275	2.023391813	0.3974997
RCC1717	A	dilution_4	110	81	71	104.8816568	75.0591716	66.9112426	1.99408284	0.079420519
RCC1717	A	dilution_5	105	139	108	97.28488372	107.1918605	76.89534884	2.023255814	0.039730105
RCC1717	B	dilution_1	504	544	128	469.0240964	501.3554217	120.3072289	1.993975904	5.146764086
RCC1717	B	dilution_2	189	184	85	177.1890244	171.195122	78.90243902	2	1.470504025
RCC1717	B	dilution_3	107	101	81	100.7664671	92.5748503	75.37125749	2.011976048	0.367626006
RCC1717	B	dilution_4	107	81	72	96.79651163	74.68604651	67.45348837	2.058139535	0.073451749
RCC1717	B	dilution_5	88	72	76	82.04402516	66.28930818	71.20125786	1.943396226	0.036744229
RCC1717	C	dilution_1	751	850	171	727.7300613	824.1226994	165.9447853	2	4.811981274
RCC1717	C	dilution_2	213	204	95	204.8992248	194.6589147	90.14728682	2.015503876	0.801996879
RCC1717	C	dilution_3	171	144	81	162.7710843	133.7710843	75.59036145	1.987951807	0.40099844
RCC1717	C	dilution_4	110	87	75	103.8152866	81.82165605	71.5477707	1.987261146	0.080039609
RCC1717	C	dilution_5	124	78	76	118.1962025	73.40506329	70.79113924	1.936708861	0.040059784
RCC2319	A	dilution_1	206	307	192	198.0595238	286.625	182.7202381	2	5.0176
RCC2319	A	dilution_2	127	126	94	122.0662651	119.5120482	88.87951807	1.993975904	1.14688
RCC2319	A	dilution_3	144	92	148	134.7724551	85.95808383	137.6467066	2.005988024	0.28672
RCC2319	A	dilution_3b	102	87	109	98.00598802	81.73053892	103.4251497	1.994011976	NA
RCC2319	A	dilution_4	88	77	107	83.63636364	71.46103896	100.3831169	1.980519481	0.14336
RCC2319	A	dilution_5	138	132	70	129.2822086	93.95092025	65.80981595	1.969325153	0.028643357
RCC2319	B	dilution_1	222	422	226	215.945122	414.4329268	220.4939024	1.987804878	5.1110784
RCC2319	B	dilution_2	127	156	115	121.7368421	149.6390977	109.9022556	1.842105263	1.111104
RCC2319	B	dilution_3	106	90	88	97.73595506	85.69101124	83.3988764	2.04494382	0.3333312
RCC2319	B	dilution_4	110	70	83	105.2650602	65.43373494	75.80722892	1.993975904	0.1111104
RCC2319	B	dilution_5	90	68	78	84.69127517	62.48993289	72.82550336	1.88590604	0.02219988
RCC2319	C	dilution_1	262	458	229	257.1699346	449.9803922	224.2222222	1.928104575	5.0208768
RCC2319	C	dilution_2	152	158	108	144.25	152.75	103.35625	1.99375	1.1157504
RCC2319	C	dilution_3	108	88	79	104.2142857	82.49450549	75.36813187	2.115384615	0.2789376
RCC2319	C	dilution_4	102	95	78	96.97452229	90.91082803	73.78343949	2.133757962	0.1394688
RCC2319	C	dilution_5	99	70	69	93.31638418	62.36158192	64.05084746	2.04519774	0.055676168
RCC2374	A	dilution_1	157	254	167	150.7559524	247.8571429	160.875	2.011904762	5.0497664
RCC2374	A	dilution_2	92	109	99	87.34756098	104.3536585	93.77439024	1.993902439	1.0820928
RCC2374	A	dilution_3	81	78	77	75.78915663	74.13253012	72.25903614	1.975903614	0.3606976
RCC2374	A	dilution_4	100	64	64	94.72327044	59.57232704	58.97484277	2.031446541	0.072067453
RCC2374	A	dilution_5	76	64	67	71.61392405	59.68987342	62.7278481	1.955696203	0.036051734
RCC2374	B	dilution_1	154	237	162	148.8742515	229.6107784	157.754491	1.994011976	5.077056
RCC2374	B	dilution_2	94	103	95	89.24675325	98.25324675	88.50649351	1.954545455	1.0154112
RCC2374	B	dilution_3	104	76	78	98.72327044	71.63522013	73.71069182	2.150943396	0.3384704
RCC2374	B	dilution_4	92	78	75	86.77707006	71.73248408	70.78343949	2.006369427	0.1692352
RCC2374	B	dilution_5	89	66	72	82.96428571	61.08333333	67.56547619	2	0.033813227
RCC2374	C	dilution_1	177	260	171	171.9884393	255.4450867	164.8323699	2.052023121	5.113344
RCC2374	C	dilution_2	105	109	99	101.2662722	103.3491124	93.43195266	2.01183432	1.278336
RCC2374	C	dilution_3	97	84	78	92.19230769	79.39102564	73.34615385	1.929487179	0.426112
RCC2374	C	dilution_4	101	72	78	95.97468354	66.74050633	73.00632911	2.025316456	0.213056
RCC2374	C	dilution_5	103	65	81	97.98930481	61.10160428	75.64705882	2.101604278	0.042568631
RCC2379	A	dilution_1	207	303	158	200.6428571	298.0071429	152.1928571	2.6	4.928
RCC2379	A	dilution_2	186	135	121	179.6736111	130.7152778	116.8055556	2.611111111	0.9856
RCC2379	A	dilution_3	146	104	298	140.4357143	91.25714286	134.2464286	2.6	0.4928
RCC2379	A	dilution_3b	214	301	182	199.3307888	293.0712468	168.9363868	2.715012723	NA
RCC2379	A	dilution_4	440	470	532	110.7472924	73.28158845	70.46570397	2.588447653	0.14784
RCC2379	A	dilution_5	159	82	78	153.6126761	77.90140845	74.09859155	2.605633803	0.04928
RCC2379	B	dilution_1	182	341	153	177.0797546	335.2147239	146.9263804	1.993865031	5.686656
RCC2379	B	dilution_2	110	124	89	105.9944134	117.4189944	83.34078212	2.072625698	1.1373312
RCC2379	B	dilution_3	85	88	76	80.87417219	82.31788079	71.22516556	1.973509934	0.3791104
RCC2379	B	dilution_4	85	77	75	79.66666667	71.25595238	69.98809524	2.005952381	0.1895552
RCC2379	B	dilution_5	88	65	72	81.35802469	60.0308642	67.27777778	1.987654321	0.037873167
RCC2379	C	dilution_1	170	304	145	165.2242424	296.9757576	140.4666667	1.993939394	5.2171776
RCC2379	C	dilution_2	102	146	88	97.01169591	139.4327485	83.77192982	2.023391813	1.1593728
RCC2379	C	dilution_3	97	75	77	92.13855422	71.03614458	72.53012048	1.993975904	0.2898432
RCC2379	C	dilution_4	91	69	72	86.81176471	63.60588235	66.65882353	2.017647059	0.057910729
RCC2379	C	dilution_5	94	64	76	87.16197183	59.21126761	71.35211268	1.978873239	0.028969835
RCC2379	D	dilution_1	184	255	136	177.9333333	251.1090909	131.8242424	2.006060606	4.3138944
RCC2379	D	dilution_2	112	111	93	108.195122	105.0670732	87.84146341	2.006097561	0.9586432
RCC2379	D	dilution_3	109	78	82	102.1401274	73.43949045	76.30573248	1.936305732	0.131807451
RCC2379	D	dilution_4	109	68	73	104.0552147	64.01226994	68.95705521	1.975460123	NA
RCC2379	D	dilution_5	125	65	68	102.3192771	61.04819277	63.78313253	1.993975904	0.047884276
RCC3006	A	dilution_1	361	457	118	349.6219512	437.7987805	111.6341463	2.006097561	5.0268295
RCC3006	A	dilution_2	156	176	80	150.4268293	163.6158537	75.77439024	1.981707317	1.0053659
RCC3006	A	dilution_3	104	100	81	96	94.15243902	73.67682927	1.993902439	0.2872474
RCC3006	A	dilution_4	88	78	67	83.22754491	72.4011976	63.21556886	2	0.1436237
RCC3006	A	dilution_5	81	68	71	77.16071429	62.6547619	65.70238095	2.005952381	0.05733481
RCC3006	B	dilution_0	497	623	151	475.0164835	601.6153846	145.8901099	2.082417582	NA
RCC3006	B	dilution_1	217	258	94	210.1165644	244.6134969	89.20858896	1.975460123	4.537067331
RCC3006	B	dilution_2	117	113	79	110.9573171	104.0914634	73.82926829	1.981707317	0.972228714
RCC3006	B	dilution_3	114	86	79	109.58125	80.40625	73.8625	1.9875	0.324076238
RCC3006	B	dilution_4	89	68	72	85	62.58823529	67.30588235	2.029411765	0.064750497
RCC3006	C	dilution_1	308	356	113	295.3770492	341.557377	106.5519126	2.087431694	4.940832065
RCC3006	C	dilution_2	194	148	100	186.2012195	139.2378049	95.41463415	1.920731707	1.097962681
RCC3006	C	dilution_3	130	94	86	123.6959064	83.98830409	80.04678363	1.964912281	0.27449067
RCC3006	C	dilution_4	100	76	76	94.07179487	71.91794872	71.21538462	2.092307692	0.109577114
RCC3006	C	dilution_5	112	76	80	106.9304813	70.4973262	73.10695187	2.053475936	0.082223865
RCC4213	A	dilution_1	638	698	141	618.5843373	673.4457831	135.7710843	1.993975904	5.278469192
RCC4213	A	dilution_2	202	188	84	193.4427481	179.0992366	78.07633588	1.740458015	1.084926274
RCC4213	A	dilution_3	118	108	74	113.75625	102.9375	69.7625	1.99375	0.3393785
RCC4213	A	dilution_4	90	76	69	86.10828025	69.72611465	63.94267516	1.949044586	0.067807892
RCC4213	A	dilution_5	86	71	69	81.58490566	66.39622642	63.72955975	1.949685535	0.03392089
RCC4213	B	dilution_1	539	556	133	491.5928144	509.9520958	127.4251497	2	5.159983141
RCC4213	B	dilution_2	189	170	85	182.3173653	161.5149701	79.31736527	2.005988024	1.074996488
RCC4213	B	dilution_3	142	121	84	136.8	114.8	78.15483871	1.95483871	0.429998595
RCC4213	B	dilution_4	185	104	95	158.2380952	97.04166667	90.72619048	2.005952381	0.214999298
RCC4213	B	dilution_5	106	72	73	101.0654762	68.26190476	68.24404762	2.005952381	0.042956903
RCC4213	C	dilution_1	587	605	133	560.8816568	574.7514793	125.2721893	2.01183432	5.18163602
RCC4213	C	dilution_2	177	162	86	169.547619	155.1309524	80.98809524	2.035714286	0.94211564
RCC4213	C	dilution_3	139	114	80	134.2095808	109.7065868	76.1257485	2	0.47105782
RCC4213	C	dilution_4	118	95	74	114.662069	89.07586207	68.25517241	1.931034483	0.23552891
RCC4213	C	dilution_5	89	77	70	83.59776536	72.51396648	65.44134078	2.106145251	0.047058723
RCC76	A	dilution_0	795	794	173	737.9256757	723.5202703	165.4256757	1.993243243	17.366887
RCC76	A	dilution_1	318	293	100	277.3212121	266.3151515	90.97575758	2	5.2100661
RCC76	A	dilution_2	130	105	74	124.8571429	98.38311688	68.16233766	1.922077922	0.86834435
RCC76	A	dilution_3	122	87	79	116.4819277	81.45783133	74.87349398	2	NA
RCC76	A	dilution_4	96	74	76	91.17532468	69.27922078	69.83766234	1.909090909	0.173495375
RCC76	A	dilution_5	109	72	73	102.35625	66.21875	68.1	1.99375	0.086791039
RCC76	B	dilution_0	841	791	189	810.4833333	763.7944444	182.7333333	2.016666667	19.08553989
RCC76	B	dilution_1	368	310	124	356.3714286	297.9314286	120.0114286	1.988571429	5.725661969
RCC76	B	dilution_2	236	169	123	227.5116279	161.972093	117.6790698	2.176744186	1.908553989
RCC76	B	dilution_3	121	106	80	114.1607143	97.80952381	74.88690476	1.946428571	0.3809489
RCC76	B	dilution_4	165	209	104	159.4850299	203.9161677	100.3353293	1.94011976	0.095380009
RCC76	B	dilution_5	126	89	116	120.3043478	79.88198758	97.21118012	1.900621118	0.038163447
RCC76	C	dilution_0	1291	1274	234	1223.909091	1209.678788	223.430303	1.993939394	19.7257756
RCC76	C	dilution_1	430	411	116	407.3647059	385.1647059	110.1470588	2.017647059	4.9314439
RCC76	C	dilution_2	160	134	87	152.0229885	126.5344828	80.62643678	2.028735632	0.98628878
RCC76	C	dilution_3	119	101	83	113.5548387	95.12903226	76.18709677	2.019354839	0.49314439
RCC76	C	dilution_4	106	78	79	100.5849057	72.57232704	70.82389937	2.006289308	0.098530348
RCC76	C	dilution_5	88	72	68	83.05511811	66.78740157	61.92125984	1.724409449	0.024651057
