99/99/99	99:99:99	440	139	470	78	532	89	537
99/99/99	99:99:99	440	139	470	81	532	89	536
99/99/99	99:99:99	440	140	470	79	532	91	536
99/99/99	99:99:99	440	137	470	79	532	91	536
99/99/99	99:99:99	440	139	470	80	532	91	536
99/99/99	99:99:99	440	137	470	79	532	93	536
99/99/99	99:99:99	440	141	470	81	532	94	536
99/99/99	99:99:99	440	138	470	81	532	91	536
99/99/99	99:99:99	440	140	470	81	532	90	536
99/99/99	99:99:99	440	139	470	84	532	89	535
99/99/99	99:99:99	440	138	470	78	532	89	536
99/99/99	99:99:99	440	138	470	81	532	95	535
99/99/99	99:99:99	440	143	470	81	532	90	535
99/99/99	99:99:99	440	137	470	78	532	91	535
99/99/99	99:99:99	440	143	470	83	532	89	535
99/99/99	99:99:99	440	140	470	83	532	88	535
99/99/99	99:99:99	440	137	470	81	532	94	535
99/99/99	99:99:99	440	140	470	79	532	90	535
99/99/99	99:99:99	440	139	470	81	532	88	535
99/99/99	99:99:99	440	140	470	81	532	91	535
99/99/99	99:99:99	440	138	470	78	532	93	535
99/99/99	99:99:99	440	140	470	78	532	89	535
99/99/99	99:99:99	440	138	470	82	532	89	535
99/99/99	99:99:99	440	142	470	75	532	91	535
99/99/99	99:99:99	440	138	470	79	532	91	535
99/99/99	99:99:99	440	139	470	85	532	91	535
99/99/99	99:99:99	440	139	470	83	532	86	535
99/99/99	99:99:99	440	138	470	77	532	94	535
99/99/99	99:99:99	440	135	470	80	532	94	535
99/99/99	99:99:99	440	139	470	81	532	90	535
99/99/99	99:99:99	440	138	470	81	532	91	535
99/99/99	99:99:99	440	137	470	81	532	91	535
99/99/99	99:99:99	440	140	470	81	532	93	535
99/99/99	99:99:99	440	137	470	82	532	92	534
99/99/99	99:99:99	440	140	470	76	532	93	534
99/99/99	99:99:99	440	139	470	80	532	90	534
99/99/99	99:99:99	440	136	470	78	532	93	534
99/99/99	99:99:99	440	140	470	82	532	91	534
99/99/99	99:99:99	440	140	470	79	532	91	534
99/99/99	99:99:99	440	137	470	81	532	91	534
99/99/99	99:99:99	440	140	470	80	532	91	534
99/99/99	99:99:99	440	138	470	83	532	93	534
99/99/99	99:99:99	440	139	470	81	532	91	534
99/99/99	99:99:99	440	139	470	79	532	90	534
99/99/99	99:99:99	440	140	470	81	532	91	534
99/99/99	99:99:99	440	138	470	79	532	88	534
99/99/99	99:99:99	440	139	470	81	532	92	534
99/99/99	99:99:99	440	143	470	81	532	86	534
99/99/99	99:99:99	440	138	470	82	532	95	534
99/99/99	99:99:99	440	139	470	80	532	89	534
99/99/99	99:99:99	440	143	470	78	532	90	534
99/99/99	99:99:99	440	137	470	81	532	94	534
99/99/99	99:99:99	440	139	470	79	532	89	534
99/99/99	99:99:99	440	139	470	82	532	91	534
99/99/99	99:99:99	440	141	470	81	532	89	534
99/99/99	99:99:99	440	138	470	85	532	90	534
99/99/99	99:99:99	440	139	470	81	532	92	534
99/99/99	99:99:99	440	140	470	82	532	93	534
99/99/99	99:99:99	440	138	470	82	532	93	534
99/99/99	99:99:99	440	139	470	82	532	87	534
