99/99/99	99:99:99	440	159	470	204	532	100	538
99/99/99	99:99:99	440	165	470	206	532	102	537
99/99/99	99:99:99	440	164	470	206	532	102	537
99/99/99	99:99:99	440	157	470	205	532	96	537
99/99/99	99:99:99	440	161	470	200	532	104	537
99/99/99	99:99:99	440	163	470	203	532	102	536
99/99/99	99:99:99	440	159	470	203	532	97	536
99/99/99	99:99:99	440	158	470	202	532	103	536
99/99/99	99:99:99	440	162	470	203	532	100	536
99/99/99	99:99:99	440	161	470	205	532	104	536
99/99/99	99:99:99	440	159	470	205	532	101	536
99/99/99	99:99:99	440	159	470	200	532	99	536
99/99/99	99:99:99	440	162	470	208	532	102	536
99/99/99	99:99:99	440	158	470	204	532	101	536
99/99/99	99:99:99	440	157	470	204	532	98	536
99/99/99	99:99:99	440	161	470	206	532	99	536
99/99/99	99:99:99	440	159	470	202	532	97	536
99/99/99	99:99:99	440	156	470	205	532	102	536
99/99/99	99:99:99	440	159	470	203	532	100	536
99/99/99	99:99:99	440	160	470	203	532	98	536
99/99/99	99:99:99	440	161	470	203	532	101	536
99/99/99	99:99:99	440	158	470	205	532	99	536
99/99/99	99:99:99	440	160	470	206	532	100	535
99/99/99	99:99:99	440	158	470	204	532	100	535
99/99/99	99:99:99	440	158	470	202	532	99	535
99/99/99	99:99:99	440	159	470	206	532	100	535
99/99/99	99:99:99	440	158	470	204	532	98	535
99/99/99	99:99:99	440	159	470	204	532	103	535
99/99/99	99:99:99	440	160	470	208	532	102	535
99/99/99	99:99:99	440	158	470	206	532	102	535
99/99/99	99:99:99	440	161	470	204	532	97	535
99/99/99	99:99:99	440	158	470	208	532	101	535
99/99/99	99:99:99	440	159	470	203	532	100	535
99/99/99	99:99:99	440	160	470	203	532	98	535
99/99/99	99:99:99	440	159	470	203	532	99	535
99/99/99	99:99:99	440	161	470	209	532	99	535
99/99/99	99:99:99	440	162	470	207	532	100	535
99/99/99	99:99:99	440	161	470	206	532	98	535
99/99/99	99:99:99	440	159	470	205	532	98	535
99/99/99	99:99:99	440	157	470	205	532	100	535
99/99/99	99:99:99	440	160	470	201	532	101	535
99/99/99	99:99:99	440	161	470	205	532	99	535
99/99/99	99:99:99	440	158	470	204	532	102	535
99/99/99	99:99:99	440	161	470	204	532	98	535
99/99/99	99:99:99	440	161	470	202	532	100	535
99/99/99	99:99:99	440	158	470	205	532	100	535
99/99/99	99:99:99	440	158	470	206	532	100	535
99/99/99	99:99:99	440	159	470	203	532	98	535
99/99/99	99:99:99	440	158	470	207	532	98	535
99/99/99	99:99:99	440	159	470	201	532	100	535
99/99/99	99:99:99	440	161	470	207	532	99	535
99/99/99	99:99:99	440	157	470	207	532	102	535
99/99/99	99:99:99	440	161	470	206	532	100	535
99/99/99	99:99:99	440	158	470	202	532	99	535
99/99/99	99:99:99	440	157	470	204	532	100	535
99/99/99	99:99:99	440	162	470	207	532	99	534
99/99/99	99:99:99	440	156	470	202	532	100	537
99/99/99	99:99:99	440	158	470	202	532	98	537
99/99/99	99:99:99	440	161	470	204	532	101	536
99/99/99	99:99:99	440	160	470	201	532	101	536
99/99/99	99:99:99	440	158	470	207	532	99	536
99/99/99	99:99:99	440	161	470	206	532	101	536
99/99/99	99:99:99	440	156	470	200	532	100	536
99/99/99	99:99:99	440	161	470	205	532	99	536
99/99/99	99:99:99	440	159	470	205	532	101	536
99/99/99	99:99:99	440	160	470	202	532	101	536
99/99/99	99:99:99	440	159	470	206	532	100	535
99/99/99	99:99:99	440	157	470	206	532	103	535
99/99/99	99:99:99	440	161	470	205	532	99	535
99/99/99	99:99:99	440	159	470	202	532	101	535
99/99/99	99:99:99	440	164	470	203	532	102	535
99/99/99	99:99:99	440	158	470	202	532	97	535
99/99/99	99:99:99	440	158	470	205	532	102	535
99/99/99	99:99:99	440	160	470	204	532	100	535
99/99/99	99:99:99	440	161	470	204	532	100	535
99/99/99	99:99:99	440	160	470	204	532	100	535
99/99/99	99:99:99	440	160	470	203	532	99	535
99/99/99	99:99:99	440	158	470	206	532	99	535
99/99/99	99:99:99	440	162	470	207	532	101	535
99/99/99	99:99:99	440	160	470	204	532	98	535
99/99/99	99:99:99	440	156	470	198	532	101	535
99/99/99	99:99:99	440	157	470	199	532	102	535
99/99/99	99:99:99	440	159	470	204	532	100	535
99/99/99	99:99:99	440	161	470	204	532	101	535
99/99/99	99:99:99	440	162	470	201	532	100	535
99/99/99	99:99:99	440	159	470	204	532	96	535
99/99/99	99:99:99	440	160	470	202	532	97	535
99/99/99	99:99:99	440	160	470	203	532	102	535
99/99/99	99:99:99	440	157	470	202	532	102	535
99/99/99	99:99:99	440	160	470	205	532	103	535
99/99/99	99:99:99	440	159	470	205	532	103	535
99/99/99	99:99:99	440	157	470	202	532	101	534
99/99/99	99:99:99	440	160	470	205	532	98	535
99/99/99	99:99:99	440	162	470	204	532	99	534
99/99/99	99:99:99	440	160	470	203	532	101	535
99/99/99	99:99:99	440	161	470	206	532	99	534
99/99/99	99:99:99	440	162	470	203	532	103	534
99/99/99	99:99:99	440	159	470	203	532	102	534
99/99/99	99:99:99	440	162	470	204	532	99	534
99/99/99	99:99:99	440	160	470	206	532	102	534
99/99/99	99:99:99	440	160	470	204	532	102	535
99/99/99	99:99:99	440	158	470	204	532	102	534
99/99/99	99:99:99	440	159	470	204	532	101	534
99/99/99	99:99:99	440	160	470	206	532	99	534
99/99/99	99:99:99	440	157	470	201	532	102	534
99/99/99	99:99:99	440	158	470	205	532	98	534
99/99/99	99:99:99	440	159	470	205	532	101	534
99/99/99	99:99:99	440	160	470	202	532	100	534
99/99/99	99:99:99	440	156	470	202	532	100	534
99/99/99	99:99:99	440	154	470	207	532	100	534
99/99/99	99:99:99	440	157	470	204	532	102	536
99/99/99	99:99:99	440	158	470	200	532	100	536
99/99/99	99:99:99	440	159	470	204	532	103	536
99/99/99	99:99:99	440	164	470	209	532	102	536
99/99/99	99:99:99	440	160	470	201	532	100	535
99/99/99	99:99:99	440	159	470	205	532	100	536
99/99/99	99:99:99	440	157	470	202	532	101	535
99/99/99	99:99:99	440	161	470	206	532	102	535
99/99/99	99:99:99	440	160	470	200	532	101	535
99/99/99	99:99:99	440	161	470	204	532	103	535
99/99/99	99:99:99	440	162	470	203	532	99	535
99/99/99	99:99:99	440	161	470	203	532	103	535
99/99/99	99:99:99	440	155	470	204	532	101	535
99/99/99	99:99:99	440	161	470	207	532	99	535
99/99/99	99:99:99	440	159	470	205	532	100	535
99/99/99	99:99:99	440	162	470	205	532	99	535
99/99/99	99:99:99	440	160	470	203	532	101	535
99/99/99	99:99:99	440	162	470	207	532	103	535
99/99/99	99:99:99	440	160	470	204	532	104	535
99/99/99	99:99:99	440	162	470	205	532	102	535
99/99/99	99:99:99	440	160	470	206	532	99	535
99/99/99	99:99:99	440	158	470	205	532	103	535
99/99/99	99:99:99	440	158	470	206	532	98	535
99/99/99	99:99:99	440	163	470	202	532	99	535
99/99/99	99:99:99	440	160	470	206	532	100	535
99/99/99	99:99:99	440	163	470	205	532	103	535
99/99/99	99:99:99	440	158	470	201	532	103	535
99/99/99	99:99:99	440	156	470	205	532	98	535
99/99/99	99:99:99	440	160	470	202	532	99	534
99/99/99	99:99:99	440	160	470	203	532	104	534
99/99/99	99:99:99	440	164	470	206	532	102	534
99/99/99	99:99:99	440	163	470	208	532	101	534
99/99/99	99:99:99	440	159	470	205	532	101	534
99/99/99	99:99:99	440	157	470	203	532	100	534
99/99/99	99:99:99	440	157	470	203	532	100	534
99/99/99	99:99:99	440	158	470	200	532	102	534
99/99/99	99:99:99	440	161	470	205	532	99	534
99/99/99	99:99:99	440	162	470	205	532	99	534
99/99/99	99:99:99	440	158	470	204	532	103	534
99/99/99	99:99:99	440	156	470	203	532	98	534
99/99/99	99:99:99	440	158	470	206	532	103	534
99/99/99	99:99:99	440	158	470	205	532	101	534
99/99/99	99:99:99	440	157	470	202	532	100	534
99/99/99	99:99:99	440	161	470	199	532	100	534
99/99/99	99:99:99	440	159	470	204	532	100	534
99/99/99	99:99:99	440	161	470	202	532	104	534
99/99/99	99:99:99	440	159	470	204	532	102	534
99/99/99	99:99:99	440	158	470	201	532	103	534
99/99/99	99:99:99	440	162	470	203	532	102	534
99/99/99	99:99:99	440	158	470	202	532	99	534
99/99/99	99:99:99	440	161	470	201	532	101	534
99/99/99	99:99:99	440	161	470	203	532	97	534
99/99/99	99:99:99	440	161	470	204	532	100	534
99/99/99	99:99:99	440	161	470	204	532	99	534
99/99/99	99:99:99	440	158	470	208	532	101	534
99/99/99	99:99:99	440	161	470	203	532	100	534
99/99/99	99:99:99	440	160	470	204	532	100	534
99/99/99	99:99:99	440	160	470	200	532	102	534
99/99/99	99:99:99	440	155	470	193	532	96	879
