99/99/99	99:99:99	440	358	470	303	532	122	538
99/99/99	99:99:99	440	357	470	301	532	121	538
99/99/99	99:99:99	440	359	470	300	532	121	538
99/99/99	99:99:99	440	358	470	299	532	124	538
99/99/99	99:99:99	440	362	470	303	532	119	537
99/99/99	99:99:99	440	365	470	304	532	123	537
99/99/99	99:99:99	440	366	470	310	532	122	537
99/99/99	99:99:99	440	361	470	303	532	122	537
99/99/99	99:99:99	440	360	470	304	532	122	537
99/99/99	99:99:99	440	359	470	300	532	121	537
99/99/99	99:99:99	440	356	470	300	532	120	537
99/99/99	99:99:99	440	362	470	304	532	121	537
99/99/99	99:99:99	440	354	470	300	532	121	537
99/99/99	99:99:99	440	356	470	302	532	120	537
99/99/99	99:99:99	440	364	470	307	532	120	537
99/99/99	99:99:99	440	363	470	304	532	123	537
99/99/99	99:99:99	440	362	470	305	532	121	536
99/99/99	99:99:99	440	359	470	303	532	121	536
99/99/99	99:99:99	440	359	470	302	532	117	536
99/99/99	99:99:99	440	364	470	301	532	121	536
99/99/99	99:99:99	440	365	470	304	532	122	536
99/99/99	99:99:99	440	358	470	299	532	120	536
99/99/99	99:99:99	440	356	470	299	532	118	536
99/99/99	99:99:99	440	360	470	297	532	121	536
99/99/99	99:99:99	440	360	470	302	532	122	536
99/99/99	99:99:99	440	362	470	299	532	116	536
99/99/99	99:99:99	440	355	470	298	532	119	536
99/99/99	99:99:99	440	353	470	298	532	119	536
99/99/99	99:99:99	440	365	470	303	532	120	536
99/99/99	99:99:99	440	368	470	302	532	119	536
99/99/99	99:99:99	440	362	470	302	532	120	536
99/99/99	99:99:99	440	358	470	303	532	122	536
99/99/99	99:99:99	440	361	470	304	532	120	536
99/99/99	99:99:99	440	365	470	304	532	120	536
99/99/99	99:99:99	440	366	470	303	532	124	536
99/99/99	99:99:99	440	363	470	301	532	124	536
99/99/99	99:99:99	440	354	470	296	532	121	536
99/99/99	99:99:99	440	355	470	298	532	120	536
99/99/99	99:99:99	440	354	470	296	532	121	536
99/99/99	99:99:99	440	360	470	304	532	118	536
99/99/99	99:99:99	440	357	470	303	532	122	536
99/99/99	99:99:99	440	351	470	298	532	118	536
99/99/99	99:99:99	440	353	470	297	532	117	535
99/99/99	99:99:99	440	357	470	298	532	122	536
99/99/99	99:99:99	440	355	470	301	532	119	536
99/99/99	99:99:99	440	357	470	298	532	120	535
99/99/99	99:99:99	440	361	470	300	532	120	536
99/99/99	99:99:99	440	354	470	294	532	120	536
99/99/99	99:99:99	440	357	470	296	532	121	535
99/99/99	99:99:99	440	360	470	300	532	121	535
99/99/99	99:99:99	440	352	470	298	532	119	535
99/99/99	99:99:99	440	359	470	302	532	121	535
99/99/99	99:99:99	440	352	470	296	532	119	535
99/99/99	99:99:99	440	355	470	293	532	120	535
99/99/99	99:99:99	440	352	470	296	532	119	535
99/99/99	99:99:99	440	355	470	298	532	118	535
99/99/99	99:99:99	440	353	470	293	532	120	535
99/99/99	99:99:99	440	357	470	298	532	122	535
99/99/99	99:99:99	440	356	470	301	532	121	535
99/99/99	99:99:99	440	358	470	298	532	120	535
99/99/99	99:99:99	440	362	470	302	532	120	535
99/99/99	99:99:99	440	361	470	299	532	120	535
99/99/99	99:99:99	440	353	470	296	532	118	658
99/99/99	99:99:99	440	353	470	295	532	120	538
99/99/99	99:99:99	440	346	470	291	532	116	537
99/99/99	99:99:99	440	355	470	293	532	118	537
99/99/99	99:99:99	440	358	470	299	532	118	537
99/99/99	99:99:99	440	358	470	300	532	120	537
99/99/99	99:99:99	440	356	470	296	532	121	537
99/99/99	99:99:99	440	352	470	294	532	117	537
99/99/99	99:99:99	440	355	470	297	532	120	536
99/99/99	99:99:99	440	351	470	295	532	118	536
99/99/99	99:99:99	440	357	470	296	532	116	536
99/99/99	99:99:99	440	353	470	296	532	120	536
99/99/99	99:99:99	440	359	470	296	532	121	536
99/99/99	99:99:99	440	362	470	303	532	119	536
99/99/99	99:99:99	440	363	470	302	532	121	536
99/99/99	99:99:99	440	356	470	294	532	120	536
99/99/99	99:99:99	440	350	470	298	532	119	536
99/99/99	99:99:99	440	354	470	298	532	118	536
99/99/99	99:99:99	440	357	470	298	532	119	536
99/99/99	99:99:99	440	357	470	300	532	119	536
99/99/99	99:99:99	440	356	470	301	532	119	536
99/99/99	99:99:99	440	360	470	300	532	123	536
99/99/99	99:99:99	440	347	470	293	532	117	536
99/99/99	99:99:99	440	349	470	297	532	120	535
99/99/99	99:99:99	440	353	470	298	532	122	536
99/99/99	99:99:99	440	356	470	300	532	120	536
99/99/99	99:99:99	440	359	470	297	532	116	535
99/99/99	99:99:99	440	356	470	304	532	121	535
99/99/99	99:99:99	440	352	470	295	532	122	535
99/99/99	99:99:99	440	356	470	298	532	122	535
99/99/99	99:99:99	440	360	470	303	532	121	535
99/99/99	99:99:99	440	353	470	297	532	119	535
99/99/99	99:99:99	440	357	470	298	532	120	535
99/99/99	99:99:99	440	357	470	294	532	120	535
99/99/99	99:99:99	440	361	470	299	532	120	535
99/99/99	99:99:99	440	359	470	298	532	121	535
99/99/99	99:99:99	440	354	470	292	532	116	535
99/99/99	99:99:99	440	352	470	296	532	119	535
99/99/99	99:99:99	440	357	470	297	532	123	535
99/99/99	99:99:99	440	354	470	297	532	118	535
99/99/99	99:99:99	440	359	470	298	532	123	535
99/99/99	99:99:99	440	355	470	300	532	122	535
99/99/99	99:99:99	440	363	470	299	532	120	535
99/99/99	99:99:99	440	362	470	299	532	121	535
99/99/99	99:99:99	440	356	470	295	532	117	535
99/99/99	99:99:99	440	353	470	299	532	119	535
99/99/99	99:99:99	440	353	470	294	532	123	535
99/99/99	99:99:99	440	350	470	293	532	120	535
99/99/99	99:99:99	440	357	470	300	532	122	535
99/99/99	99:99:99	440	350	470	293	532	119	535
99/99/99	99:99:99	440	352	470	292	532	119	535
99/99/99	99:99:99	440	357	470	296	532	119	535
99/99/99	99:99:99	440	359	470	295	532	119	535
99/99/99	99:99:99	440	354	470	296	532	122	535
99/99/99	99:99:99	440	348	470	294	532	119	535
99/99/99	99:99:99	440	349	470	290	532	121	656
99/99/99	99:99:99	440	352	470	298	532	120	537
99/99/99	99:99:99	440	353	470	294	532	120	537
99/99/99	99:99:99	440	358	470	295	532	119	537
99/99/99	99:99:99	440	353	470	296	532	119	537
99/99/99	99:99:99	440	355	470	297	532	119	536
99/99/99	99:99:99	440	364	470	301	532	121	536
99/99/99	99:99:99	440	367	470	304	532	119	536
99/99/99	99:99:99	440	359	470	303	532	119	536
99/99/99	99:99:99	440	359	470	299	532	123	536
99/99/99	99:99:99	440	358	470	302	532	122	536
99/99/99	99:99:99	440	352	470	297	532	121	536
99/99/99	99:99:99	440	353	470	295	532	120	536
99/99/99	99:99:99	440	354	470	294	532	121	536
99/99/99	99:99:99	440	351	470	293	532	118	536
99/99/99	99:99:99	440	350	470	295	532	119	535
99/99/99	99:99:99	440	353	470	297	532	118	535
99/99/99	99:99:99	440	352	470	295	532	120	535
99/99/99	99:99:99	440	353	470	295	532	120	535
99/99/99	99:99:99	440	347	470	294	532	119	535
99/99/99	99:99:99	440	356	470	294	532	122	535
99/99/99	99:99:99	440	355	470	294	532	121	535
99/99/99	99:99:99	440	355	470	298	532	121	535
99/99/99	99:99:99	440	354	470	297	532	117	535
99/99/99	99:99:99	440	354	470	298	532	120	535
99/99/99	99:99:99	440	361	470	300	532	121	535
99/99/99	99:99:99	440	355	470	298	532	120	535
99/99/99	99:99:99	440	347	470	293	532	119	535
99/99/99	99:99:99	440	351	470	291	532	118	535
99/99/99	99:99:99	440	352	470	296	532	120	535
99/99/99	99:99:99	440	350	470	288	532	117	535
99/99/99	99:99:99	440	352	470	294	532	119	535
99/99/99	99:99:99	440	352	470	294	532	119	535
99/99/99	99:99:99	440	358	470	299	532	118	535
99/99/99	99:99:99	440	352	470	295	532	123	535
99/99/99	99:99:99	440	352	470	295	532	121	535
99/99/99	99:99:99	440	354	470	296	532	120	535
99/99/99	99:99:99	440	360	470	306	532	123	535
99/99/99	99:99:99	440	353	470	294	532	116	535
99/99/99	99:99:99	440	347	470	291	532	119	535
99/99/99	99:99:99	440	355	470	296	532	122	535
99/99/99	99:99:99	440	361	470	302	532	122	535
99/99/99	99:99:99	440	354	470	296	532	119	535
99/99/99	99:99:99	440	355	470	291	532	120	535
99/99/99	99:99:99	440	361	470	300	532	120	535
99/99/99	99:99:99	440	360	470	299	532	120	535
99/99/99	99:99:99	440	365	470	296	532	117	535
99/99/99	99:99:99	440	353	470	300	532	117	535
99/99/99	99:99:99	440	357	470	298	532	123	535
99/99/99	99:99:99	440	363	470	302	532	122	535
99/99/99	99:99:99	440	357	470	297	532	120	535
99/99/99	99:99:99	440	353	470	293	532	118	534
99/99/99	99:99:99	440	350	470	289	532	120	534
99/99/99	99:99:99	440	354	470	295	532	117	534
99/99/99	99:99:99	440	358	470	298	532	119	534
99/99/99	99:99:99	440	353	470	295	532	120	534
99/99/99	99:99:99	440	356	470	295	532	121	534
99/99/99	99:99:99	440	358	470	291	532	121	534
99/99/99	99:99:99	440	361	470	301	532	122	534
99/99/99	99:99:99	440	351	470	291	532	122	534
