99/99/99	99:99:99	440	116	470	102	532	73	538
99/99/99	99:99:99	440	111	470	101	532	74	537
99/99/99	99:99:99	440	114	470	100	532	76	537
99/99/99	99:99:99	440	113	470	98	532	73	537
99/99/99	99:99:99	440	114	470	97	532	76	537
99/99/99	99:99:99	440	117	470	98	532	73	537
99/99/99	99:99:99	440	114	470	100	532	75	537
99/99/99	99:99:99	440	114	470	103	532	78	537
99/99/99	99:99:99	440	113	470	98	532	78	536
99/99/99	99:99:99	440	115	470	99	532	75	537
99/99/99	99:99:99	440	114	470	102	532	78	536
99/99/99	99:99:99	440	117	470	100	532	77	536
99/99/99	99:99:99	440	118	470	102	532	75	536
99/99/99	99:99:99	440	115	470	102	532	73	536
99/99/99	99:99:99	440	117	470	103	532	74	536
99/99/99	99:99:99	440	115	470	97	532	73	536
99/99/99	99:99:99	440	116	470	98	532	77	536
99/99/99	99:99:99	440	121	470	100	532	78	536
99/99/99	99:99:99	440	119	470	101	532	74	536
99/99/99	99:99:99	440	117	470	102	532	77	536
99/99/99	99:99:99	440	114	470	103	532	74	536
99/99/99	99:99:99	440	116	470	101	532	75	536
99/99/99	99:99:99	440	116	470	103	532	74	536
99/99/99	99:99:99	440	116	470	101	532	75	536
99/99/99	99:99:99	440	114	470	97	532	76	536
99/99/99	99:99:99	440	114	470	103	532	77	536
99/99/99	99:99:99	440	114	470	100	532	72	536
99/99/99	99:99:99	440	113	470	100	532	74	536
99/99/99	99:99:99	440	114	470	98	532	73	536
99/99/99	99:99:99	440	118	470	99	532	75	535
99/99/99	99:99:99	440	116	470	102	532	77	536
99/99/99	99:99:99	440	116	470	106	532	74	535
99/99/99	99:99:99	440	118	470	101	532	75	536
99/99/99	99:99:99	440	119	470	103	532	73	535
99/99/99	99:99:99	440	120	470	102	532	75	535
99/99/99	99:99:99	440	117	470	101	532	75	535
99/99/99	99:99:99	440	117	470	100	532	74	536
99/99/99	99:99:99	440	119	470	100	532	76	535
99/99/99	99:99:99	440	116	470	101	532	76	535
99/99/99	99:99:99	440	114	470	97	532	71	535
99/99/99	99:99:99	440	112	470	100	532	74	535
99/99/99	99:99:99	440	117	470	100	532	77	535
99/99/99	99:99:99	440	117	470	102	532	75	535
99/99/99	99:99:99	440	115	470	102	532	77	535
99/99/99	99:99:99	440	115	470	98	532	76	535
99/99/99	99:99:99	440	114	470	96	532	71	535
99/99/99	99:99:99	440	113	470	95	532	76	535
99/99/99	99:99:99	440	114	470	97	532	76	535
99/99/99	99:99:99	440	113	470	101	532	73	535
99/99/99	99:99:99	440	117	470	102	532	79	535
99/99/99	99:99:99	440	121	470	101	532	76	535
99/99/99	99:99:99	440	117	470	100	532	78	535
99/99/99	99:99:99	440	115	470	96	532	75	535
99/99/99	99:99:99	440	115	470	96	532	70	535
99/99/99	99:99:99	440	113	470	100	532	78	535
99/99/99	99:99:99	440	113	470	96	532	76	535
99/99/99	99:99:99	440	114	470	98	532	77	535
99/99/99	99:99:99	440	115	470	95	532	73	537
99/99/99	99:99:99	440	115	470	96	532	73	537
99/99/99	99:99:99	440	114	470	98	532	74	537
99/99/99	99:99:99	440	111	470	98	532	73	536
99/99/99	99:99:99	440	115	470	95	532	76	536
99/99/99	99:99:99	440	115	470	96	532	75	536
99/99/99	99:99:99	440	112	470	96	532	77	536
99/99/99	99:99:99	440	112	470	95	532	74	536
99/99/99	99:99:99	440	112	470	96	532	75	536
99/99/99	99:99:99	440	111	470	98	532	76	536
99/99/99	99:99:99	440	118	470	97	532	76	536
99/99/99	99:99:99	440	112	470	93	532	78	536
99/99/99	99:99:99	440	114	470	99	532	73	536
99/99/99	99:99:99	440	117	470	97	532	71	536
99/99/99	99:99:99	440	116	470	95	532	74	535
99/99/99	99:99:99	440	113	470	95	532	76	536
99/99/99	99:99:99	440	109	470	98	532	75	535
99/99/99	99:99:99	440	116	470	96	532	75	535
99/99/99	99:99:99	440	112	470	95	532	73	535
99/99/99	99:99:99	440	114	470	96	532	77	535
99/99/99	99:99:99	440	112	470	99	532	74	535
99/99/99	99:99:99	440	115	470	98	532	74	535
99/99/99	99:99:99	440	115	470	100	532	74	535
99/99/99	99:99:99	440	111	470	98	532	73	535
99/99/99	99:99:99	440	112	470	96	532	78	535
99/99/99	99:99:99	440	117	470	95	532	78	535
99/99/99	99:99:99	440	114	470	96	532	73	535
99/99/99	99:99:99	440	112	470	98	532	75	535
99/99/99	99:99:99	440	115	470	98	532	78	535
99/99/99	99:99:99	440	117	470	97	532	77	535
99/99/99	99:99:99	440	117	470	99	532	75	535
99/99/99	99:99:99	440	117	470	97	532	78	535
99/99/99	99:99:99	440	112	470	96	532	73	535
99/99/99	99:99:99	440	111	470	100	532	75	535
99/99/99	99:99:99	440	115	470	94	532	72	535
99/99/99	99:99:99	440	112	470	99	532	75	535
99/99/99	99:99:99	440	114	470	97	532	73	535
99/99/99	99:99:99	440	114	470	95	532	76	535
99/99/99	99:99:99	440	112	470	96	532	75	535
99/99/99	99:99:99	440	114	470	95	532	76	535
99/99/99	99:99:99	440	113	470	94	532	75	534
99/99/99	99:99:99	440	112	470	98	532	74	535
99/99/99	99:99:99	440	112	470	94	532	75	534
99/99/99	99:99:99	440	110	470	95	532	76	535
99/99/99	99:99:99	440	113	470	100	532	79	534
99/99/99	99:99:99	440	114	470	100	532	75	535
99/99/99	99:99:99	440	114	470	94	532	77	534
99/99/99	99:99:99	440	114	470	99	532	75	534
99/99/99	99:99:99	440	112	470	93	532	73	534
99/99/99	99:99:99	440	114	470	95	532	77	534
99/99/99	99:99:99	440	117	470	99	532	73	534
99/99/99	99:99:99	440	117	470	100	532	72	534
99/99/99	99:99:99	440	114	470	99	532	76	534
99/99/99	99:99:99	440	113	470	100	532	75	534
99/99/99	99:99:99	440	111	470	95	532	74	534
99/99/99	99:99:99	440	114	470	99	532	71	534
99/99/99	99:99:99	440	114	470	98	532	74	534
99/99/99	99:99:99	440	115	470	102	532	76	534
99/99/99	99:99:99	440	115	470	98	532	75	537
99/99/99	99:99:99	440	114	470	97	532	74	537
99/99/99	99:99:99	440	113	470	98	532	70	536
99/99/99	99:99:99	440	115	470	98	532	77	536
99/99/99	99:99:99	440	114	470	98	532	73	536
99/99/99	99:99:99	440	111	470	96	532	73	536
99/99/99	99:99:99	440	116	470	97	532	75	536
99/99/99	99:99:99	440	113	470	97	532	75	536
99/99/99	99:99:99	440	117	470	101	532	76	536
99/99/99	99:99:99	440	114	470	93	532	74	535
99/99/99	99:99:99	440	111	470	94	532	74	535
99/99/99	99:99:99	440	114	470	96	532	73	535
99/99/99	99:99:99	440	110	470	94	532	74	535
99/99/99	99:99:99	440	111	470	95	532	73	535
99/99/99	99:99:99	440	108	470	96	532	73	535
99/99/99	99:99:99	440	112	470	96	532	78	535
99/99/99	99:99:99	440	116	470	100	532	74	535
99/99/99	99:99:99	440	113	470	97	532	74	535
99/99/99	99:99:99	440	113	470	97	532	75	535
99/99/99	99:99:99	440	118	470	98	532	80	535
99/99/99	99:99:99	440	114	470	97	532	74	535
99/99/99	99:99:99	440	111	470	95	532	75	535
99/99/99	99:99:99	440	112	470	94	532	74	535
99/99/99	99:99:99	440	117	470	98	532	73	535
99/99/99	99:99:99	440	116	470	100	532	76	535
99/99/99	99:99:99	440	115	470	98	532	74	535
99/99/99	99:99:99	440	112	470	98	532	78	535
99/99/99	99:99:99	440	116	470	98	532	75	535
99/99/99	99:99:99	440	111	470	94	532	74	535
99/99/99	99:99:99	440	112	470	95	532	79	535
99/99/99	99:99:99	440	112	470	96	532	73	535
99/99/99	99:99:99	440	113	470	94	532	76	535
99/99/99	99:99:99	440	110	470	96	532	75	535
99/99/99	99:99:99	440	111	470	94	532	73	535
99/99/99	99:99:99	440	110	470	96	532	76	534
99/99/99	99:99:99	440	111	470	96	532	72	534
99/99/99	99:99:99	440	114	470	96	532	75	535
99/99/99	99:99:99	440	114	470	97	532	77	534
99/99/99	99:99:99	440	114	470	98	532	74	535
99/99/99	99:99:99	440	114	470	93	532	75	534
99/99/99	99:99:99	440	115	470	98	532	78	534
99/99/99	99:99:99	440	112	470	95	532	73	534
99/99/99	99:99:99	440	112	470	100	532	74	534
99/99/99	99:99:99	440	116	470	97	532	74	534
99/99/99	99:99:99	440	110	470	93	532	73	534
99/99/99	99:99:99	440	113	470	96	532	74	534
99/99/99	99:99:99	440	114	470	96	532	71	534
99/99/99	99:99:99	440	112	470	95	532	76	534
99/99/99	99:99:99	440	114	470	96	532	76	534
99/99/99	99:99:99	440	113	470	97	532	74	534
99/99/99	99:99:99	440	110	470	95	532	73	534
99/99/99	99:99:99	440	115	470	100	532	76	534
99/99/99	99:99:99	440	114	470	97	532	75	534
99/99/99	99:99:99	440	116	470	96	532	75	534
99/99/99	99:99:99	440	114	470	96	532	73	534
