99/99/99	99:99:99	440	121	470	85	532	106	536
99/99/99	99:99:99	440	121	470	80	532	112	536
99/99/99	99:99:99	440	120	470	83	532	107	535
99/99/99	99:99:99	440	119	470	86	532	105	535
99/99/99	99:99:99	440	121	470	85	532	106	535
99/99/99	99:99:99	440	119	470	82	532	101	535
99/99/99	99:99:99	440	122	470	82	532	108	535
99/99/99	99:99:99	440	118	470	81	532	111	535
99/99/99	99:99:99	440	121	470	78	532	107	534
99/99/99	99:99:99	440	117	470	77	532	106	535
99/99/99	99:99:99	440	120	470	82	532	104	534
99/99/99	99:99:99	440	121	470	83	532	110	534
99/99/99	99:99:99	440	119	470	83	532	105	534
99/99/99	99:99:99	440	118	470	81	532	112	534
99/99/99	99:99:99	440	118	470	81	532	105	534
99/99/99	99:99:99	440	121	470	79	532	105	534
99/99/99	99:99:99	440	118	470	79	532	103	534
99/99/99	99:99:99	440	120	470	85	532	115	534
99/99/99	99:99:99	440	119	470	83	532	109	534
99/99/99	99:99:99	440	117	470	84	532	99	534
99/99/99	99:99:99	440	119	470	81	532	103	534
99/99/99	99:99:99	440	123	470	82	532	104	534
99/99/99	99:99:99	440	118	470	82	532	107	534
99/99/99	99:99:99	440	117	470	86	532	106	534
99/99/99	99:99:99	440	118	470	85	532	116	534
99/99/99	99:99:99	440	120	470	79	532	101	534
99/99/99	99:99:99	440	119	470	80	532	109	534
99/99/99	99:99:99	440	119	470	80	532	107	534
99/99/99	99:99:99	440	117	470	82	532	110	534
99/99/99	99:99:99	440	115	470	83	532	105	534
99/99/99	99:99:99	440	122	470	81	532	104	534
99/99/99	99:99:99	440	119	470	82	532	103	534
99/99/99	99:99:99	440	119	470	80	532	106	534
99/99/99	99:99:99	440	120	470	86	532	108	534
99/99/99	99:99:99	440	123	470	89	532	107	534
99/99/99	99:99:99	440	120	470	80	532	107	534
99/99/99	99:99:99	440	120	470	78	532	101	534
99/99/99	99:99:99	440	122	470	82	532	108	534
99/99/99	99:99:99	440	120	470	83	532	108	533
99/99/99	99:99:99	440	118	470	80	532	107	533
99/99/99	99:99:99	440	118	470	83	532	111	534
99/99/99	99:99:99	440	119	470	84	532	114	534
99/99/99	99:99:99	440	119	470	79	532	107	533
99/99/99	99:99:99	440	120	470	79	532	101	533
99/99/99	99:99:99	440	118	470	83	532	106	533
99/99/99	99:99:99	440	119	470	85	532	109	533
99/99/99	99:99:99	440	117	470	82	532	107	534
99/99/99	99:99:99	440	119	470	83	532	112	533
99/99/99	99:99:99	440	117	470	82	532	107	533
99/99/99	99:99:99	440	120	470	83	532	102	533
99/99/99	99:99:99	440	121	470	81	532	103	533
99/99/99	99:99:99	440	117	470	83	532	106	533
99/99/99	99:99:99	440	118	470	83	532	111	533
99/99/99	99:99:99	440	120	470	82	532	112	533
99/99/99	99:99:99	440	119	470	86	532	99	533
99/99/99	99:99:99	440	119	470	80	532	102	533
99/99/99	99:99:99	440	120	470	85	532	105	533
99/99/99	99:99:99	440	118	470	84	532	107	533
99/99/99	99:99:99	440	118	470	82	532	108	533
99/99/99	99:99:99	440	116	470	79	532	112	533
99/99/99	99:99:99	440	120	470	86	532	107	533
99/99/99	99:99:99	440	115	470	86	532	106	533
99/99/99	99:99:99	440	117	470	77	532	107	871
99/99/99	99:99:99	440	120	470	78	532	91	536
99/99/99	99:99:99	440	119	470	81	532	91	536
99/99/99	99:99:99	440	118	470	76	532	90	535
99/99/99	99:99:99	440	118	470	79	532	91	535
99/99/99	99:99:99	440	124	470	81	532	90	535
99/99/99	99:99:99	440	121	470	81	532	91	535
99/99/99	99:99:99	440	121	470	81	532	90	535
99/99/99	99:99:99	440	121	470	76	532	89	535
99/99/99	99:99:99	440	119	470	81	532	91	535
99/99/99	99:99:99	440	122	470	76	532	88	535
99/99/99	99:99:99	440	118	470	77	532	92	535
99/99/99	99:99:99	440	123	470	79	532	89	535
99/99/99	99:99:99	440	124	470	78	532	91	535
99/99/99	99:99:99	440	118	470	79	532	91	535
99/99/99	99:99:99	440	119	470	80	532	98	534
99/99/99	99:99:99	440	121	470	77	532	91	534
99/99/99	99:99:99	440	120	470	77	532	94	534
99/99/99	99:99:99	440	119	470	80	532	92	534
99/99/99	99:99:99	440	121	470	82	532	91	534
99/99/99	99:99:99	440	120	470	80	532	100	534
99/99/99	99:99:99	440	122	470	79	532	93	534
99/99/99	99:99:99	440	118	470	77	532	88	534
99/99/99	99:99:99	440	122	470	83	532	94	534
99/99/99	99:99:99	440	118	470	83	532	95	534
99/99/99	99:99:99	440	122	470	77	532	94	534
99/99/99	99:99:99	440	125	470	79	532	90	534
99/99/99	99:99:99	440	121	470	74	532	89	534
99/99/99	99:99:99	440	123	470	78	532	89	534
99/99/99	99:99:99	440	124	470	73	532	92	534
99/99/99	99:99:99	440	120	470	79	532	93	534
99/99/99	99:99:99	440	122	470	76	532	90	534
99/99/99	99:99:99	440	125	470	79	532	94	534
99/99/99	99:99:99	440	122	470	79	532	89	534
99/99/99	99:99:99	440	122	470	79	532	92	534
99/99/99	99:99:99	440	120	470	77	532	88	534
99/99/99	99:99:99	440	123	470	81	532	92	534
99/99/99	99:99:99	440	120	470	77	532	92	534
99/99/99	99:99:99	440	123	470	79	532	93	534
99/99/99	99:99:99	440	120	470	79	532	93	534
99/99/99	99:99:99	440	125	470	82	532	93	534
99/99/99	99:99:99	440	123	470	78	532	87	534
99/99/99	99:99:99	440	119	470	77	532	90	534
99/99/99	99:99:99	440	126	470	78	532	91	533
99/99/99	99:99:99	440	121	470	81	532	90	533
99/99/99	99:99:99	440	123	470	79	532	90	534
99/99/99	99:99:99	440	120	470	78	532	92	533
99/99/99	99:99:99	440	118	470	80	532	89	534
99/99/99	99:99:99	440	122	470	75	532	92	536
99/99/99	99:99:99	440	119	470	78	532	91	536
99/99/99	99:99:99	440	124	470	80	532	92	536
99/99/99	99:99:99	440	121	470	80	532	86	535
99/99/99	99:99:99	440	121	470	78	532	90	535
99/99/99	99:99:99	440	123	470	81	532	88	535
99/99/99	99:99:99	440	124	470	75	532	95	535
99/99/99	99:99:99	440	121	470	79	532	93	535
99/99/99	99:99:99	440	120	470	80	532	88	535
99/99/99	99:99:99	440	120	470	76	532	91	535
99/99/99	99:99:99	440	121	470	75	532	92	535
99/99/99	99:99:99	440	121	470	78	532	90	535
99/99/99	99:99:99	440	124	470	77	532	85	535
99/99/99	99:99:99	440	120	470	81	532	93	535
99/99/99	99:99:99	440	121	470	77	532	91	534
99/99/99	99:99:99	440	121	470	79	532	90	534
99/99/99	99:99:99	440	119	470	76	532	93	535
99/99/99	99:99:99	440	120	470	78	532	94	534
99/99/99	99:99:99	440	117	470	79	532	91	534
99/99/99	99:99:99	440	120	470	79	532	92	534
99/99/99	99:99:99	440	123	470	75	532	86	534
99/99/99	99:99:99	440	118	470	79	532	90	534
99/99/99	99:99:99	440	120	470	80	532	90	534
99/99/99	99:99:99	440	122	470	79	532	90	534
99/99/99	99:99:99	440	122	470	77	532	93	534
99/99/99	99:99:99	440	120	470	77	532	93	534
99/99/99	99:99:99	440	116	470	77	532	96	534
99/99/99	99:99:99	440	125	470	78	532	94	534
99/99/99	99:99:99	440	121	470	79	532	89	534
99/99/99	99:99:99	440	120	470	77	532	95	534
99/99/99	99:99:99	440	121	470	78	532	93	534
99/99/99	99:99:99	440	120	470	81	532	90	534
99/99/99	99:99:99	440	117	470	76	532	94	534
99/99/99	99:99:99	440	120	470	78	532	88	534
99/99/99	99:99:99	440	119	470	77	532	89	534
99/99/99	99:99:99	440	123	470	77	532	93	534
99/99/99	99:99:99	440	123	470	80	532	92	534
99/99/99	99:99:99	440	124	470	77	532	91	534
99/99/99	99:99:99	440	119	470	79	532	91	534
99/99/99	99:99:99	440	122	470	77	532	92	534
99/99/99	99:99:99	440	125	470	76	532	89	534
99/99/99	99:99:99	440	123	470	78	532	92	534
99/99/99	99:99:99	440	120	470	78	532	92	534
99/99/99	99:99:99	440	117	470	79	532	97	534
99/99/99	99:99:99	440	121	470	78	532	90	534
99/99/99	99:99:99	440	123	470	79	532	90	534
99/99/99	99:99:99	440	119	470	80	532	90	534
99/99/99	99:99:99	440	123	470	80	532	95	534
99/99/99	99:99:99	440	124	470	78	532	90	534
99/99/99	99:99:99	440	120	470	77	532	87	534
99/99/99	99:99:99	440	121	470	80	532	95	534
99/99/99	99:99:99	440	120	470	78	532	94	534
99/99/99	99:99:99	440	120	470	79	532	90	581
