99/99/99	99:99:99	440	233	470	169	532	119	538
99/99/99	99:99:99	440	231	470	165	532	117	538
99/99/99	99:99:99	440	231	470	166	532	120	537
99/99/99	99:99:99	440	228	470	165	532	117	537
99/99/99	99:99:99	440	230	470	165	532	121	537
99/99/99	99:99:99	440	233	470	169	532	118	537
99/99/99	99:99:99	440	228	470	165	532	117	537
99/99/99	99:99:99	440	231	470	165	532	117	537
99/99/99	99:99:99	440	229	470	166	532	119	536
99/99/99	99:99:99	440	236	470	169	532	119	536
99/99/99	99:99:99	440	232	470	167	532	119	536
99/99/99	99:99:99	440	231	470	163	532	119	536
99/99/99	99:99:99	440	231	470	165	532	119	536
99/99/99	99:99:99	440	232	470	164	532	118	536
99/99/99	99:99:99	440	233	470	166	532	121	536
99/99/99	99:99:99	440	231	470	165	532	117	536
99/99/99	99:99:99	440	229	470	161	532	118	536
99/99/99	99:99:99	440	225	470	164	532	116	536
99/99/99	99:99:99	440	230	470	164	532	119	536
99/99/99	99:99:99	440	233	470	167	532	120	536
99/99/99	99:99:99	440	231	470	166	532	117	536
99/99/99	99:99:99	440	229	470	164	532	119	536
99/99/99	99:99:99	440	228	470	164	532	116	536
99/99/99	99:99:99	440	231	470	165	532	117	536
99/99/99	99:99:99	440	233	470	164	532	117	536
99/99/99	99:99:99	440	230	470	162	532	119	536
99/99/99	99:99:99	440	229	470	164	532	121	536
99/99/99	99:99:99	440	229	470	166	532	118	535
99/99/99	99:99:99	440	229	470	165	532	116	536
99/99/99	99:99:99	440	229	470	165	532	118	535
99/99/99	99:99:99	440	231	470	165	532	116	535
99/99/99	99:99:99	440	232	470	163	532	119	536
99/99/99	99:99:99	440	231	470	164	532	118	535
99/99/99	99:99:99	440	228	470	163	532	118	535
99/99/99	99:99:99	440	227	470	164	532	117	535
99/99/99	99:99:99	440	227	470	166	532	116	535
99/99/99	99:99:99	440	229	470	166	532	116	535
99/99/99	99:99:99	440	229	470	159	532	118	535
99/99/99	99:99:99	440	224	470	163	532	117	535
99/99/99	99:99:99	440	227	470	163	532	116	535
99/99/99	99:99:99	440	226	470	168	532	118	535
99/99/99	99:99:99	440	233	470	167	532	119	535
99/99/99	99:99:99	440	226	470	164	532	120	535
99/99/99	99:99:99	440	232	470	164	532	119	535
99/99/99	99:99:99	440	231	470	167	532	118	535
99/99/99	99:99:99	440	230	470	168	532	119	535
99/99/99	99:99:99	440	233	470	165	532	115	535
99/99/99	99:99:99	440	228	470	163	532	118	535
99/99/99	99:99:99	440	226	470	164	532	119	535
99/99/99	99:99:99	440	226	470	163	532	117	535
99/99/99	99:99:99	440	229	470	163	532	119	535
99/99/99	99:99:99	440	230	470	164	532	117	535
99/99/99	99:99:99	440	232	470	164	532	118	535
99/99/99	99:99:99	440	231	470	163	532	118	535
99/99/99	99:99:99	440	230	470	162	532	117	535
99/99/99	99:99:99	440	232	470	162	532	117	535
99/99/99	99:99:99	440	229	470	165	532	117	537
99/99/99	99:99:99	440	232	470	165	532	119	537
99/99/99	99:99:99	440	228	470	162	532	115	536
99/99/99	99:99:99	440	227	470	160	532	122	536
99/99/99	99:99:99	440	231	470	163	532	117	536
99/99/99	99:99:99	440	226	470	161	532	115	536
99/99/99	99:99:99	440	228	470	160	532	117	536
99/99/99	99:99:99	440	229	470	165	532	113	536
99/99/99	99:99:99	440	227	470	160	532	119	536
99/99/99	99:99:99	440	228	470	165	532	118	536
99/99/99	99:99:99	440	228	470	163	532	118	536
99/99/99	99:99:99	440	228	470	163	532	116	536
99/99/99	99:99:99	440	227	470	161	532	123	536
99/99/99	99:99:99	440	230	470	166	532	117	535
99/99/99	99:99:99	440	233	470	163	532	119	535
99/99/99	99:99:99	440	228	470	159	532	116	535
99/99/99	99:99:99	440	227	470	164	532	115	535
99/99/99	99:99:99	440	229	470	159	532	116	535
99/99/99	99:99:99	440	231	470	163	532	119	535
99/99/99	99:99:99	440	229	470	161	532	118	535
99/99/99	99:99:99	440	229	470	161	532	120	535
99/99/99	99:99:99	440	230	470	161	532	117	535
99/99/99	99:99:99	440	228	470	163	532	117	535
99/99/99	99:99:99	440	227	470	164	532	118	535
99/99/99	99:99:99	440	228	470	165	532	119	535
99/99/99	99:99:99	440	225	470	160	532	121	535
99/99/99	99:99:99	440	227	470	161	532	118	535
99/99/99	99:99:99	440	225	470	157	532	118	535
99/99/99	99:99:99	440	225	470	162	532	118	535
99/99/99	99:99:99	440	229	470	162	532	117	535
99/99/99	99:99:99	440	226	470	158	532	119	535
99/99/99	99:99:99	440	224	470	158	532	117	535
99/99/99	99:99:99	440	225	470	163	532	115	535
99/99/99	99:99:99	440	228	470	163	532	118	535
99/99/99	99:99:99	440	227	470	160	532	120	535
99/99/99	99:99:99	440	228	470	162	532	116	535
99/99/99	99:99:99	440	226	470	163	532	117	535
99/99/99	99:99:99	440	228	470	162	532	115	535
99/99/99	99:99:99	440	227	470	160	532	116	535
99/99/99	99:99:99	440	224	470	159	532	115	535
99/99/99	99:99:99	440	220	470	155	532	117	535
99/99/99	99:99:99	440	228	470	157	532	117	535
99/99/99	99:99:99	440	224	470	161	532	117	534
99/99/99	99:99:99	440	223	470	158	532	116	534
99/99/99	99:99:99	440	225	470	161	532	115	534
99/99/99	99:99:99	440	226	470	164	532	120	535
99/99/99	99:99:99	440	227	470	161	532	116	534
99/99/99	99:99:99	440	223	470	159	532	118	534
99/99/99	99:99:99	440	222	470	160	532	119	535
99/99/99	99:99:99	440	225	470	160	532	119	534
99/99/99	99:99:99	440	227	470	163	532	117	535
99/99/99	99:99:99	440	227	470	163	532	115	534
99/99/99	99:99:99	440	226	470	160	532	117	534
99/99/99	99:99:99	440	225	470	166	532	115	534
99/99/99	99:99:99	440	222	470	157	532	117	534
99/99/99	99:99:99	440	228	470	163	532	118	534
99/99/99	99:99:99	440	227	470	163	532	119	534
99/99/99	99:99:99	440	224	470	156	532	119	534
99/99/99	99:99:99	440	227	470	161	532	123	534
99/99/99	99:99:99	440	230	470	164	532	118	534
99/99/99	99:99:99	440	227	470	162	532	120	534
99/99/99	99:99:99	440	225	470	160	532	118	534
99/99/99	99:99:99	440	223	470	159	532	118	534
99/99/99	99:99:99	440	227	470	159	532	115	534
99/99/99	99:99:99	440	227	470	159	532	119	534
99/99/99	99:99:99	440	229	470	161	532	120	534
99/99/99	99:99:99	440	228	470	158	532	117	534
99/99/99	99:99:99	440	225	470	160	532	118	534
99/99/99	99:99:99	440	227	470	162	532	117	534
99/99/99	99:99:99	440	227	470	165	532	120	534
99/99/99	99:99:99	440	227	470	163	532	117	534
99/99/99	99:99:99	440	222	470	160	532	119	534
99/99/99	99:99:99	440	225	470	161	532	119	534
99/99/99	99:99:99	440	227	470	163	532	120	534
99/99/99	99:99:99	440	223	470	158	532	121	534
99/99/99	99:99:99	440	227	470	164	532	119	534
99/99/99	99:99:99	440	221	470	159	532	119	534
99/99/99	99:99:99	440	229	470	165	532	117	534
99/99/99	99:99:99	440	226	470	162	532	113	534
99/99/99	99:99:99	440	225	470	163	532	119	534
99/99/99	99:99:99	440	225	470	157	532	116	533
99/99/99	99:99:99	440	228	470	161	532	120	534
99/99/99	99:99:99	440	225	470	164	532	118	534
99/99/99	99:99:99	440	232	470	162	532	118	534
99/99/99	99:99:99	440	227	470	159	532	119	534
99/99/99	99:99:99	440	226	470	158	532	118	534
99/99/99	99:99:99	440	227	470	160	532	115	534
99/99/99	99:99:99	440	226	470	160	532	120	534
99/99/99	99:99:99	440	227	470	160	532	119	534
99/99/99	99:99:99	440	223	470	161	532	118	533
99/99/99	99:99:99	440	226	470	157	532	117	534
99/99/99	99:99:99	440	228	470	158	532	118	534
99/99/99	99:99:99	440	225	470	161	532	119	533
99/99/99	99:99:99	440	226	470	158	532	118	534
99/99/99	99:99:99	440	225	470	162	532	118	534
99/99/99	99:99:99	440	224	470	159	532	113	533
99/99/99	99:99:99	440	234	470	166	532	119	533
99/99/99	99:99:99	440	228	470	162	532	117	533
99/99/99	99:99:99	440	227	470	159	532	117	533
99/99/99	99:99:99	440	223	470	158	532	118	533
99/99/99	99:99:99	440	228	470	158	532	115	534
99/99/99	99:99:99	440	228	470	163	532	116	533
ý99/99/99	99:99:99	440	226	470	162	532	117	536
99/99/99	99:99:99	440	228	470	160	532	119	536
99/99/99	99:99:99	440	227	470	160	532	119	535
99/99/99	99:99:99	440	227	470	160	532	118	535
99/99/99	99:99:99	440	230	470	164	532	118	535
99/99/99	99:99:99	440	226	470	160	532	116	535
99/99/99	99:99:99	440	221	470	158	532	119	535
99/99/99	99:99:99	440	227	470	162	532	121	535
99/99/99	99:99:99	440	226	470	157	532	119	535
99/99/99	99:99:99	440	226	470	161	532	118	535
99/99/99	99:99:99	440	226	470	158	532	119	535
99/99/99	99:99:99	440	226	470	157	532	117	535
99/99/99	99:99:99	440	229	470	163	532	116	534
99/99/99	99:99:99	440	228	470	163	532	117	534
99/99/99	99:99:99	440	225	470	162	532	121	534
99/99/99	99:99:99	440	226	470	159	532	115	534
99/99/99	99:99:99	440	227	470	162	532	118	534
99/99/99	99:99:99	440	229	470	161	532	117	534
99/99/99	99:99:99	440	226	470	161	532	117	534
99/99/99	99:99:99	440	220	470	157	532	117	534
99/99/99	99:99:99	440	226	470	160	532	119	534
99/99/99	99:99:99	440	225	470	162	532	119	534
99/99/99	99:99:99	440	228	470	162	532	117	534
99/99/99	99:99:99	440	226	470	157	532	118	534
99/99/99	99:99:99	440	227	470	159	532	118	534
99/99/99	99:99:99	440	229	470	162	532	119	534
99/99/99	99:99:99	440	226	470	159	532	117	534
99/99/99	99:99:99	440	225	470	160	532	118	534
99/99/99	99:99:99	440	225	470	160	532	118	534
99/99/99	99:99:99	440	230	470	165	532	117	534
99/99/99	99:99:99	440	225	470	160	532	117	534
99/99/99	99:99:99	440	225	470	162	532	120	534
99/99/99	99:99:99	440	228	470	161	532	117	534
99/99/99	99:99:99	440	229	470	163	532	119	534
99/99/99	99:99:99	440	228	470	162	532	114	534
99/99/99	99:99:99	440	230	470	163	532	117	534
99/99/99	99:99:99	440	224	470	161	532	115	534
99/99/99	99:99:99	440	229	470	163	532	116	534
99/99/99	99:99:99	440	224	470	159	532	117	534
99/99/99	99:99:99	440	231	470	164	532	117	534
99/99/99	99:99:99	440	230	470	164	532	120	534
99/99/99	99:99:99	440	229	470	165	532	115	534
99/99/99	99:99:99	440	227	470	163	532	119	534
99/99/99	99:99:99	440	227	470	165	532	119	534
99/99/99	99:99:99	440	226	470	161	532	117	534
99/99/99	99:99:99	440	227	470	162	532	119	534
99/99/99	99:99:99	440	228	470	162	532	118	533
99/99/99	99:99:99	440	229	470	164	532	115	533
99/99/99	99:99:99	440	228	470	162	532	116	534
99/99/99	99:99:99	440	227	470	163	532	118	533
99/99/99	99:99:99	440	227	470	163	532	114	533
99/99/99	99:99:99	440	226	470	162	532	115	533
99/99/99	99:99:99	440	227	470	159	532	119	533
99/99/99	99:99:99	440	225	470	161	532	118	533
99/99/99	99:99:99	440	227	470	158	532	119	533
99/99/99	99:99:99	440	224	470	159	532	118	533
99/99/99	99:99:99	440	229	470	159	532	115	533
99/99/99	99:99:99	440	227	470	163	532	118	533
99/99/99	99:99:99	440	216	470	145	532	109	990
