99/99/99	99:99:99	440	818	470	775	532	183	538
99/99/99	99:99:99	440	826	470	781	532	186	537
99/99/99	99:99:99	440	822	470	781	532	185	537
99/99/99	99:99:99	440	824	470	784	532	185	537
99/99/99	99:99:99	440	830	470	788	532	186	537
99/99/99	99:99:99	440	835	470	788	532	189	537
99/99/99	99:99:99	440	827	470	775	532	184	537
99/99/99	99:99:99	440	823	470	783	532	186	537
99/99/99	99:99:99	440	832	470	782	532	186	537
99/99/99	99:99:99	440	841	470	787	532	186	536
99/99/99	99:99:99	440	827	470	790	532	181	536
99/99/99	99:99:99	440	817	470	773	532	185	536
99/99/99	99:99:99	440	820	470	777	532	185	536
99/99/99	99:99:99	440	827	470	777	532	184	536
99/99/99	99:99:99	440	840	470	785	532	181	536
99/99/99	99:99:99	440	828	470	783	532	184	536
99/99/99	99:99:99	440	806	470	758	532	182	536
99/99/99	99:99:99	440	808	470	764	532	185	536
99/99/99	99:99:99	440	827	470	769	532	186	536
99/99/99	99:99:99	440	824	470	777	532	184	536
99/99/99	99:99:99	440	810	470	768	532	184	536
99/99/99	99:99:99	440	821	470	770	532	185	536
99/99/99	99:99:99	440	827	470	768	532	182	536
99/99/99	99:99:99	440	828	470	777	532	184	536
99/99/99	99:99:99	440	819	470	773	532	182	535
99/99/99	99:99:99	440	812	470	768	532	185	536
99/99/99	99:99:99	440	820	470	768	532	184	535
99/99/99	99:99:99	440	818	470	777	532	187	535
99/99/99	99:99:99	440	828	470	785	532	184	535
99/99/99	99:99:99	440	804	470	754	532	178	535
99/99/99	99:99:99	440	816	470	771	532	184	535
99/99/99	99:99:99	440	822	470	769	532	187	535
99/99/99	99:99:99	440	832	470	777	532	185	536
99/99/99	99:99:99	440	828	470	774	532	184	535
99/99/99	99:99:99	440	805	470	757	532	180	535
99/99/99	99:99:99	440	823	470	776	532	184	535
99/99/99	99:99:99	440	823	470	774	532	182	535
99/99/99	99:99:99	440	824	470	773	532	183	535
99/99/99	99:99:99	440	824	470	775	532	186	535
99/99/99	99:99:99	440	802	470	758	532	178	535
99/99/99	99:99:99	440	813	470	768	532	184	535
99/99/99	99:99:99	440	824	470	770	532	186	535
99/99/99	99:99:99	440	822	470	772	532	185	535
99/99/99	99:99:99	440	824	470	775	532	184	535
99/99/99	99:99:99	440	803	470	759	532	185	535
99/99/99	99:99:99	440	806	470	759	532	183	535
99/99/99	99:99:99	440	824	470	771	532	183	535
99/99/99	99:99:99	440	832	470	782	532	184	535
99/99/99	99:99:99	440	835	470	791	532	188	535
99/99/99	99:99:99	440	808	470	766	532	183	535
99/99/99	99:99:99	440	820	470	774	532	185	535
99/99/99	99:99:99	440	826	470	777	532	186	535
99/99/99	99:99:99	440	832	470	784	532	187	535
99/99/99	99:99:99	440	825	470	778	532	183	535
99/99/99	99:99:99	440	807	470	766	532	184	535
99/99/99	99:99:99	440	817	470	775	532	187	535
99/99/99	99:99:99	440	810	470	776	532	183	537
99/99/99	99:99:99	440	814	470	765	532	181	537
99/99/99	99:99:99	440	812	470	768	532	182	537
99/99/99	99:99:99	440	813	470	764	532	183	536
99/99/99	99:99:99	440	805	470	763	532	187	536
99/99/99	99:99:99	440	808	470	753	532	186	536
99/99/99	99:99:99	440	811	470	765	532	183	536
99/99/99	99:99:99	440	820	470	770	532	184	536
99/99/99	99:99:99	440	818	470	780	532	188	536
99/99/99	99:99:99	440	816	470	776	532	182	536
99/99/99	99:99:99	440	814	470	771	532	185	536
99/99/99	99:99:99	440	821	470	777	532	184	535
99/99/99	99:99:99	440	812	470	770	532	184	535
99/99/99	99:99:99	440	810	470	766	532	183	535
99/99/99	99:99:99	440	818	470	769	532	183	535
99/99/99	99:99:99	440	816	470	771	532	181	535
99/99/99	99:99:99	440	792	470	756	532	182	535
99/99/99	99:99:99	440	806	470	756	532	181	535
99/99/99	99:99:99	440	818	470	763	532	179	535
99/99/99	99:99:99	440	816	470	772	532	184	535
99/99/99	99:99:99	440	810	470	761	532	184	535
99/99/99	99:99:99	440	801	470	756	532	183	535
99/99/99	99:99:99	440	794	470	751	532	181	535
99/99/99	99:99:99	440	817	470	758	532	187	535
99/99/99	99:99:99	440	812	470	768	532	184	535
99/99/99	99:99:99	440	810	470	760	532	183	535
99/99/99	99:99:99	440	796	470	749	532	178	535
99/99/99	99:99:99	440	799	470	759	532	185	535
99/99/99	99:99:99	440	814	470	765	532	183	535
99/99/99	99:99:99	440	822	470	767	532	181	535
99/99/99	99:99:99	440	808	470	761	532	181	535
99/99/99	99:99:99	440	822	470	770	532	183	535
99/99/99	99:99:99	440	800	470	745	532	181	535
99/99/99	99:99:99	440	793	470	749	532	183	535
99/99/99	99:99:99	440	810	470	759	532	183	535
99/99/99	99:99:99	440	801	470	754	532	184	535
99/99/99	99:99:99	440	809	470	761	532	183	535
99/99/99	99:99:99	440	815	470	771	532	180	535
99/99/99	99:99:99	440	799	470	756	532	181	534
99/99/99	99:99:99	440	799	470	744	532	180	534
99/99/99	99:99:99	440	809	470	759	532	180	535
99/99/99	99:99:99	440	800	470	754	532	181	534
99/99/99	99:99:99	440	792	470	750	532	184	534
99/99/99	99:99:99	440	802	470	756	532	182	534
99/99/99	99:99:99	440	805	470	761	532	181	534
99/99/99	99:99:99	440	801	470	758	532	183	534
99/99/99	99:99:99	440	801	470	758	532	183	534
99/99/99	99:99:99	440	801	470	754	532	183	534
99/99/99	99:99:99	440	808	470	760	532	186	534
99/99/99	99:99:99	440	802	470	757	532	181	534
99/99/99	99:99:99	440	815	470	763	532	186	534
99/99/99	99:99:99	440	811	470	766	532	181	534
99/99/99	99:99:99	440	810	470	761	532	181	534
99/99/99	99:99:99	440	816	470	770	532	187	534
99/99/99	99:99:99	440	810	470	761	532	183	534
99/99/99	99:99:99	440	808	470	759	532	180	534
99/99/99	99:99:99	440	812	470	765	532	183	534
99/99/99	99:99:99	440	808	470	762	532	183	534
99/99/99	99:99:99	440	815	470	770	532	185	534
99/99/99	99:99:99	440	815	470	767	532	181	534
99/99/99	99:99:99	440	797	470	755	532	179	534
99/99/99	99:99:99	440	810	470	762	532	183	534
99/99/99	99:99:99	440	817	470	765	532	182	534
99/99/99	99:99:99	440	804	470	758	532	184	534
99/99/99	99:99:99	440	803	470	758	532	186	534
99/99/99	99:99:99	440	805	470	763	532	182	534
99/99/99	99:99:99	440	815	470	761	532	181	607
99/99/99	99:99:99	440	810	470	773	532	185	536
99/99/99	99:99:99	440	814	470	767	532	183	536
99/99/99	99:99:99	440	815	470	764	532	181	536
99/99/99	99:99:99	440	813	470	771	532	186	536
99/99/99	99:99:99	440	818	470	771	532	185	535
99/99/99	99:99:99	440	798	470	759	532	182	535
99/99/99	99:99:99	440	807	470	757	532	184	535
99/99/99	99:99:99	440	809	470	769	532	186	535
99/99/99	99:99:99	440	799	470	756	532	179	535
99/99/99	99:99:99	440	811	470	766	532	184	535
99/99/99	99:99:99	440	812	470	764	532	182	535
99/99/99	99:99:99	440	802	470	759	532	184	535
99/99/99	99:99:99	440	802	470	756	532	182	535
99/99/99	99:99:99	440	812	470	758	532	180	535
99/99/99	99:99:99	440	805	470	758	532	180	535
99/99/99	99:99:99	440	798	470	748	532	181	535
99/99/99	99:99:99	440	799	470	758	532	182	535
99/99/99	99:99:99	440	806	470	759	532	182	535
99/99/99	99:99:99	440	812	470	771	532	181	535
99/99/99	99:99:99	440	806	470	755	532	184	535
99/99/99	99:99:99	440	811	470	766	532	181	534
99/99/99	99:99:99	440	799	470	755	532	179	535
99/99/99	99:99:99	440	817	470	760	532	184	534
99/99/99	99:99:99	440	815	470	764	532	180	534
99/99/99	99:99:99	440	814	470	766	532	179	534
99/99/99	99:99:99	440	809	470	765	532	183	534
99/99/99	99:99:99	440	801	470	754	532	181	534
99/99/99	99:99:99	440	796	470	749	532	183	534
99/99/99	99:99:99	440	806	470	754	532	183	534
99/99/99	99:99:99	440	804	470	759	532	184	534
99/99/99	99:99:99	440	787	470	742	532	181	534
99/99/99	99:99:99	440	813	470	764	532	183	534
99/99/99	99:99:99	440	793	470	748	532	185	534
99/99/99	99:99:99	440	793	470	750	532	177	534
99/99/99	99:99:99	440	808	470	755	532	178	534
99/99/99	99:99:99	440	815	470	768	532	179	534
99/99/99	99:99:99	440	803	470	756	532	181	534
99/99/99	99:99:99	440	785	470	740	532	177	534
99/99/99	99:99:99	440	781	470	737	532	178	534
99/99/99	99:99:99	440	788	470	741	532	180	534
99/99/99	99:99:99	440	803	470	758	532	182	534
99/99/99	99:99:99	440	803	470	757	532	182	534
99/99/99	99:99:99	440	798	470	752	532	178	534
99/99/99	99:99:99	440	801	470	759	532	181	534
99/99/99	99:99:99	440	802	470	753	532	181	534
99/99/99	99:99:99	440	782	470	734	532	177	534
99/99/99	99:99:99	440	778	470	736	532	180	534
99/99/99	99:99:99	440	797	470	747	532	181	534
99/99/99	99:99:99	440	799	470	755	532	176	534
99/99/99	99:99:99	440	790	470	748	532	182	534
99/99/99	99:99:99	440	799	470	750	532	180	534
99/99/99	99:99:99	440	790	470	745	532	179	534
99/99/99	99:99:99	440	800	470	758	532	181	534
99/99/99	99:99:99	440	804	470	760	532	181	533
99/99/99	99:99:99	440	807	470	756	532	182	534
99/99/99	99:99:99	440	792	470	746	532	180	534
99/99/99	99:99:99	440	808	470	758	532	184	534
99/99/99	99:99:99	440	790	470	746	532	180	534
99/99/99	99:99:99	440	796	470	751	532	181	533
