99/99/99	99:99:99	440	257	470	162	532	151	540
99/99/99	99:99:99	440	256	470	164	532	150	539
99/99/99	99:99:99	440	258	470	164	532	146	539
99/99/99	99:99:99	440	258	470	161	532	152	539
99/99/99	99:99:99	440	258	470	163	532	151	539
99/99/99	99:99:99	440	256	470	161	532	149	539
99/99/99	99:99:99	440	258	470	168	532	147	538
99/99/99	99:99:99	440	253	470	163	532	149	538
99/99/99	99:99:99	440	255	470	161	532	149	538
99/99/99	99:99:99	440	257	470	164	532	151	538
99/99/99	99:99:99	440	258	470	164	532	151	538
99/99/99	99:99:99	440	257	470	166	532	149	538
99/99/99	99:99:99	440	253	470	162	532	150	538
99/99/99	99:99:99	440	255	470	165	532	150	538
99/99/99	99:99:99	440	254	470	162	532	149	538
99/99/99	99:99:99	440	257	470	165	532	149	538
99/99/99	99:99:99	440	257	470	163	532	148	538
99/99/99	99:99:99	440	256	470	161	532	147	538
99/99/99	99:99:99	440	257	470	164	532	149	538
99/99/99	99:99:99	440	256	470	162	532	149	537
99/99/99	99:99:99	440	261	470	163	532	148	538
99/99/99	99:99:99	440	258	470	165	532	148	538
99/99/99	99:99:99	440	256	470	166	532	149	538
99/99/99	99:99:99	440	255	470	160	532	149	538
99/99/99	99:99:99	440	255	470	162	532	146	537
99/99/99	99:99:99	440	258	470	163	532	149	538
99/99/99	99:99:99	440	259	470	162	532	150	538
99/99/99	99:99:99	440	258	470	164	532	149	537
99/99/99	99:99:99	440	256	470	159	532	149	537
99/99/99	99:99:99	440	255	470	163	532	149	537
99/99/99	99:99:99	440	260	470	166	532	152	537
99/99/99	99:99:99	440	258	470	160	532	150	537
99/99/99	99:99:99	440	256	470	165	532	148	537
99/99/99	99:99:99	440	261	470	164	532	149	537
99/99/99	99:99:99	440	257	470	159	532	151	537
99/99/99	99:99:99	440	253	470	166	532	150	537
99/99/99	99:99:99	440	253	470	161	532	148	537
99/99/99	99:99:99	440	256	470	162	532	149	537
99/99/99	99:99:99	440	258	470	164	532	149	537
99/99/99	99:99:99	440	259	470	163	532	148	537
99/99/99	99:99:99	440	258	470	163	532	152	537
99/99/99	99:99:99	440	255	470	165	532	151	537
99/99/99	99:99:99	440	256	470	162	532	150	537
99/99/99	99:99:99	440	260	470	167	532	151	537
99/99/99	99:99:99	440	260	470	160	532	150	537
99/99/99	99:99:99	440	258	470	162	532	151	537
99/99/99	99:99:99	440	256	470	163	532	151	537
99/99/99	99:99:99	440	259	470	164	532	150	537
99/99/99	99:99:99	440	254	470	163	532	149	537
99/99/99	99:99:99	440	254	470	165	532	149	537
99/99/99	99:99:99	440	258	470	162	532	150	537
99/99/99	99:99:99	440	258	470	161	532	149	537
99/99/99	99:99:99	440	257	470	165	532	148	536
99/99/99	99:99:99	440	257	470	163	532	150	536
99/99/99	99:99:99	440	260	470	162	532	147	537
99/99/99	99:99:99	440	258	470	161	532	146	536
99/99/99	99:99:99	440	257	470	162	532	147	537
99/99/99	99:99:99	440	258	470	164	532	150	536
99/99/99	99:99:99	440	259	470	163	532	148	537
99/99/99	99:99:99	440	257	470	162	532	148	536
99/99/99	99:99:99	440	257	470	162	532	151	537
99/99/99	99:99:99	440	260	470	161	532	150	537
99/99/99	99:99:99	440	259	470	166	532	152	536
99/99/99	99:99:99	440	257	470	164	532	151	537
99/99/99	99:99:99	440	254	470	164	532	149	536
99/99/99	99:99:99	440	261	470	161	532	151	536
99/99/99	99:99:99	440	256	470	163	532	150	536
99/99/99	99:99:99	440	258	470	162	532	149	536
99/99/99	99:99:99	440	257	470	162	532	149	536
99/99/99	99:99:99	440	259	470	166	532	148	536
99/99/99	99:99:99	440	259	470	162	532	150	536
99/99/99	99:99:99	440	258	470	162	532	149	536
99/99/99	99:99:99	440	255	470	163	532	148	536
99/99/99	99:99:99	440	256	470	162	532	151	536
99/99/99	99:99:99	440	257	470	162	532	148	536
99/99/99	99:99:99	440	257	470	163	532	148	536
99/99/99	99:99:99	440	257	470	166	532	151	536
99/99/99	99:99:99	440	258	470	161	532	151	536
99/99/99	99:99:99	440	259	470	166	532	148	536
99/99/99	99:99:99	440	258	470	165	532	149	536
99/99/99	99:99:99	440	256	470	162	532	151	536
99/99/99	99:99:99	440	258	470	164	532	148	536
99/99/99	99:99:99	440	256	470	165	532	149	536
99/99/99	99:99:99	440	253	470	160	532	149	536
99/99/99	99:99:99	440	257	470	164	532	149	536
99/99/99	99:99:99	440	257	470	160	532	148	536
99/99/99	99:99:99	440	261	470	165	532	150	536
99/99/99	99:99:99	440	256	470	165	532	148	536
99/99/99	99:99:99	440	258	470	161	532	148	536
99/99/99	99:99:99	440	258	470	164	532	150	536
99/99/99	99:99:99	440	254	470	164	532	152	536
99/99/99	99:99:99	440	259	470	162	532	150	536
99/99/99	99:99:99	440	255	470	162	532	150	536
99/99/99	99:99:99	440	261	470	160	532	148	536
99/99/99	99:99:99	440	257	470	160	532	149	536
99/99/99	99:99:99	440	257	470	161	532	151	536
99/99/99	99:99:99	440	257	470	165	532	146	536
99/99/99	99:99:99	440	260	470	162	532	150	536
99/99/99	99:99:99	440	260	470	163	532	148	536
99/99/99	99:99:99	440	259	470	164	532	150	536
99/99/99	99:99:99	440	257	470	160	532	146	536
99/99/99	99:99:99	440	258	470	162	532	152	535
99/99/99	99:99:99	440	258	470	161	532	151	535
99/99/99	99:99:99	440	253	470	166	532	151	536
99/99/99	99:99:99	440	258	470	161	532	150	536
99/99/99	99:99:99	440	254	470	163	532	151	535
99/99/99	99:99:99	440	259	470	164	532	151	536
99/99/99	99:99:99	440	258	470	162	532	150	535
99/99/99	99:99:99	440	256	470	160	532	148	535
99/99/99	99:99:99	440	256	470	164	532	148	535
99/99/99	99:99:99	440	259	470	160	532	149	535
99/99/99	99:99:99	440	252	470	161	532	150	535
99/99/99	99:99:99	440	260	470	163	532	147	535
99/99/99	99:99:99	440	254	470	160	532	148	535
99/99/99	99:99:99	440	258	470	162	532	150	535
