99/99/99	99:99:99	440	142	470	89	532	92	540
99/99/99	99:99:99	440	143	470	88	532	93	539
99/99/99	99:99:99	440	141	470	90	532	89	539
99/99/99	99:99:99	440	141	470	92	532	91	539
99/99/99	99:99:99	440	141	470	86	532	95	539
99/99/99	99:99:99	440	144	470	88	532	94	539
99/99/99	99:99:99	440	143	470	89	532	94	538
99/99/99	99:99:99	440	145	470	87	532	91	538
99/99/99	99:99:99	440	144	470	86	532	92	538
99/99/99	99:99:99	440	143	470	89	532	94	538
99/99/99	99:99:99	440	142	470	91	532	93	538
99/99/99	99:99:99	440	140	470	86	532	93	538
99/99/99	99:99:99	440	141	470	90	532	93	538
99/99/99	99:99:99	440	143	470	90	532	91	538
99/99/99	99:99:99	440	143	470	88	532	92	538
99/99/99	99:99:99	440	143	470	89	532	96	538
99/99/99	99:99:99	440	142	470	89	532	93	538
99/99/99	99:99:99	440	142	470	87	532	91	538
99/99/99	99:99:99	440	142	470	85	532	94	537
99/99/99	99:99:99	440	143	470	92	532	96	538
99/99/99	99:99:99	440	142	470	88	532	93	538
99/99/99	99:99:99	440	140	470	90	532	93	537
99/99/99	99:99:99	440	146	470	89	532	95	537
99/99/99	99:99:99	440	144	470	90	532	93	537
99/99/99	99:99:99	440	143	470	91	532	95	537
99/99/99	99:99:99	440	141	470	88	532	94	537
99/99/99	99:99:99	440	141	470	88	532	93	537
99/99/99	99:99:99	440	140	470	88	532	93	537
99/99/99	99:99:99	440	143	470	88	532	95	537
99/99/99	99:99:99	440	141	470	88	532	92	537
99/99/99	99:99:99	440	142	470	88	532	93	537
99/99/99	99:99:99	440	146	470	89	532	92	537
99/99/99	99:99:99	440	141	470	90	532	91	537
99/99/99	99:99:99	440	142	470	88	532	92	537
99/99/99	99:99:99	440	141	470	88	532	93	537
99/99/99	99:99:99	440	143	470	90	532	91	537
99/99/99	99:99:99	440	145	470	90	532	94	537
99/99/99	99:99:99	440	140	470	85	532	90	537
99/99/99	99:99:99	440	145	470	89	532	96	537
99/99/99	99:99:99	440	141	470	90	532	93	537
99/99/99	99:99:99	440	143	470	87	532	92	537
99/99/99	99:99:99	440	145	470	88	532	91	537
99/99/99	99:99:99	440	140	470	89	532	94	537
99/99/99	99:99:99	440	146	470	89	532	94	537
99/99/99	99:99:99	440	141	470	86	532	93	537
99/99/99	99:99:99	440	144	470	91	532	90	537
99/99/99	99:99:99	440	147	470	89	532	92	537
99/99/99	99:99:99	440	141	470	89	532	94	537
99/99/99	99:99:99	440	141	470	91	532	94	537
99/99/99	99:99:99	440	145	470	90	532	91	537
99/99/99	99:99:99	440	144	470	89	532	91	537
99/99/99	99:99:99	440	146	470	89	532	94	536
99/99/99	99:99:99	440	143	470	86	532	90	537
99/99/99	99:99:99	440	142	470	90	532	93	537
99/99/99	99:99:99	440	144	470	89	532	94	536
99/99/99	99:99:99	440	141	470	90	532	95	536
99/99/99	99:99:99	440	144	470	88	532	94	536
99/99/99	99:99:99	440	147	470	89	532	89	536
99/99/99	99:99:99	440	139	470	86	532	93	536
99/99/99	99:99:99	440	144	470	91	532	94	536
99/99/99	99:99:99	440	143	470	92	532	93	536
99/99/99	99:99:99	440	141	470	88	532	93	536
99/99/99	99:99:99	440	141	470	88	532	90	536
99/99/99	99:99:99	440	144	470	89	532	95	536
99/99/99	99:99:99	440	144	470	90	532	94	536
99/99/99	99:99:99	440	143	470	91	532	91	536
99/99/99	99:99:99	440	143	470	88	532	92	536
99/99/99	99:99:99	440	145	470	91	532	93	536
99/99/99	99:99:99	440	141	470	88	532	92	536
99/99/99	99:99:99	440	144	470	89	532	91	536
99/99/99	99:99:99	440	144	470	88	532	93	536
99/99/99	99:99:99	440	144	470	88	532	92	536
99/99/99	99:99:99	440	145	470	87	532	96	536
99/99/99	99:99:99	440	145	470	88	532	92	536
99/99/99	99:99:99	440	144	470	90	532	95	536
99/99/99	99:99:99	440	141	470	88	532	95	536
99/99/99	99:99:99	440	142	470	90	532	95	536
99/99/99	99:99:99	440	146	470	90	532	94	536
99/99/99	99:99:99	440	145	470	85	532	93	536
99/99/99	99:99:99	440	139	470	85	532	91	536
99/99/99	99:99:99	440	143	470	90	532	95	536
99/99/99	99:99:99	440	143	470	91	532	91	536
99/99/99	99:99:99	440	142	470	90	532	95	536
99/99/99	99:99:99	440	141	470	88	532	95	536
99/99/99	99:99:99	440	143	470	86	532	92	536
99/99/99	99:99:99	440	143	470	86	532	90	536
99/99/99	99:99:99	440	144	470	88	532	94	536
99/99/99	99:99:99	440	142	470	87	532	94	536
99/99/99	99:99:99	440	142	470	91	532	94	536
99/99/99	99:99:99	440	142	470	91	532	91	536
99/99/99	99:99:99	440	143	470	89	532	91	536
99/99/99	99:99:99	440	145	470	89	532	90	536
99/99/99	99:99:99	440	142	470	87	532	91	536
99/99/99	99:99:99	440	146	470	88	532	92	536
99/99/99	99:99:99	440	143	470	87	532	94	535
99/99/99	99:99:99	440	141	470	89	532	92	536
99/99/99	99:99:99	440	141	470	91	532	91	535
99/99/99	99:99:99	440	145	470	93	532	90	536
99/99/99	99:99:99	440	138	470	90	532	91	535
99/99/99	99:99:99	440	141	470	90	532	92	535
99/99/99	99:99:99	440	142	470	87	532	93	535
99/99/99	99:99:99	440	141	470	90	532	91	535
99/99/99	99:99:99	440	144	470	88	532	93	535
99/99/99	99:99:99	440	144	470	90	532	90	535
99/99/99	99:99:99	440	141	470	88	532	93	535
99/99/99	99:99:99	440	144	470	90	532	91	535
99/99/99	99:99:99	440	141	470	85	532	92	535
99/99/99	99:99:99	440	144	470	87	532	93	535
99/99/99	99:99:99	440	145	470	88	532	91	535
99/99/99	99:99:99	440	142	470	84	532	89	535
99/99/99	99:99:99	440	140	470	89	532	92	535
99/99/99	99:99:99	440	144	470	88	532	94	535
99/99/99	99:99:99	440	144	470	92	532	91	535
99/99/99	99:99:99	440	142	470	91	532	88	535
99/99/99	99:99:99	440	145	470	90	532	89	535
99/99/99	99:99:99	440	142	470	88	532	91	535
99/99/99	99:99:99	440	143	470	89	532	95	535
99/99/99	99:99:99	440	144	470	86	532	94	535
99/99/99	99:99:99	440	141	470	90	532	93	535
99/99/99	99:99:99	440	140	470	92	532	91	535
99/99/99	99:99:99	440	141	470	88	532	94	535
99/99/99	99:99:99	440	141	470	88	532	92	535
99/99/99	99:99:99	440	142	470	91	532	94	535
99/99/99	99:99:99	440	145	470	87	532	92	535
99/99/99	99:99:99	440	141	470	90	532	93	535
99/99/99	99:99:99	440	142	470	92	532	91	535
99/99/99	99:99:99	440	145	470	91	532	92	535
99/99/99	99:99:99	440	143	470	87	532	94	535
99/99/99	99:99:99	440	142	470	87	532	92	535
99/99/99	99:99:99	440	145	470	89	532	90	535
